3 0.8177304017626416 0.6447546020948699 0.33329877698412885 0.7104907958102602
3 0.2061327652731618 0.6636607842377262 0.32168135409745463 0.6726784315245474
3 0.4827953948228112 0.6704090368586199 0.3562566131967533 0.6591819262827603
3 0.0802115268364706 0.6625 0.1604230536729412 0.675
5 0.8660920627722397 0.3786985194259897 0.09953652991878954 0.1448700138796606
5 0.47270420574012445 0.43350382633813345 0.10179993676633484 0.15590764342930985
5 0.1955607148394231 0.412605831275379 0.09787390036914027 0.14320738433001132
5 0.04996761258766972 0.3954312183831674 0.07978523442229637 0.1280434592838688
5 0.7699773288113688 0.3239027930232578 0.08996127081949083 0.14114423658176473
5 0.3288423866463631 0.3403477043466233 0.07645997532299767 0.1247182001845701
5 0.5384572185400509 0.32553993444998297 0.07509773442229636 0.12774307063492082
5 0.11777447871908375 0.3166239003691403 0.07147208667404978 0.11973031153562222