3 0.8067707450210406 0.6754521102127601 0.3646330290255765 0.6490957795744798
3 0.19722461943047737 0.6291469866340589 0.349990175667532 0.7345540944277447
3 0.46770824502104064 0.6653505261671849 0.38025802902557654 0.6692989476656301
3 0.08502478602751666 0.5840935499152954 0.17004957205503332 0.7056870998305907
5 0.9014384373939774 0.4595790833397036 0.1034573606144388 0.1494833314853264
5 0.5046725647986392 0.4333387468750539 0.1069643065307547 0.16060284200867017
5 0.2364880491895426 0.356657336605824 0.10184029691210787 0.14782982622365468
5 0.09639132804548312 0.3109213604245217 0.08410715988879933 0.13120376834526432
5 0.8163392402965352 0.3857327886860801 0.09397323320977691 0.14581229991529537
5 0.38047615136646085 0.3133763154179623 0.08087303248413766 0.12789675782192056
5 0.5893055143431523 0.34119602048199005 0.07947422359113006 0.13249325256024883
5 0.17688984909687536 0.2475028735081141 0.07602184137714504 0.12293624203690501