3 0.6738691116023764 0.6614145398025502 0.19018781249588096 0.6109795228399214
5 0.6507280718313717 0.4108346856641071 0.06101141233702041 0.09686171189493056
3 0.2037572090045887 0.7423535170741703 0.3148957118472578 0.5113623824054315
5 0.17730598295057615 0.5709255744011166 0.07901711850553061 0.14463747060135787
6 0.2313076903369023 0.5735692175491401 0.04366027110331831 0.08658595318850323
6 0.25650255924946996 0.5386243294894992 0.0518000535707225 0.1057453889641522
3 0.4596957430968459 0.5318852493226315 0.07402170129724617 0.21618492198083886
6 0.4511644484545771 0.44631624152071536 0.021021612012708957 0.04168953301668683
3 0.7910099728043064 0.5630036160126889 0.15640928165332985 0.37504866689245625
6 0.779811599834549 0.41423524536590256 0.037082988635914305 0.06750840456798421
3 0.9042133563273709 0.507807103688217 0.11897173701106141 0.28722776232447184
5 0.8904627276755704 0.3920150073516902 0.03516593262955965 0.04711401741285455