3 0.6765206639083677 0.6431247220876344 0.2587077640833598 0.625779211744043
5 0.6301836552753208 0.39776087221146894 0.07147610534690844 0.10327485731976357
3 0.21534625922982292 0.7520568438803095 0.36958962539781515 0.4919564834556649
5 0.17247860124923114 0.6111621701828265 0.09389654535327181 0.15116870181924558
6 0.22562178258277657 0.6071253335412272 0.05258065467854491 0.08990156203449332
6 0.2486962032543218 0.5701326017381924 0.06375451201463563 0.11072348428423417
3 0.45128540125718536 0.5396145401179837 0.09785788669636233 0.2231892510334573
6 0.4335171932686393 0.45611283540325404 0.025509077339272324 0.04491439371369381
3 0.784006994589458 0.5319260488044362 0.19660556405154317 0.38863877667402047
6 0.7591535399427298 0.3862882171252357 0.044549978675999566 0.070787688998964
3 0.8925467479312758 0.464404600914132 0.15025672803945297 0.2974658130679506
5 0.8673114852800932 0.3515792692349316 0.039626121339908595 0.0502568651776464