3 0.921875 0.7015625 0.0609375 0.22578125
3 0.7203125 0.6734375 0.05859375 0.2203125
3 0.64453125 0.60625 0.06015625 0.19453125
3 0.81015625 0.6234375 0.0625 0.19453125
3 0.775 0.55625 0.04921875 0.17578125
3 0.703125 0.41484375 0.0359375 0.12109375
3 0.67265625 0.4203125 0.0328125 0.11015625
3 0.56953125 0.35390625 0.0296875 0.1046875
3 0.29921875 0.59140625 0.06015625 0.20546875
3 0.32734375 0.48125 0.04296875 0.15625
3 0.225 0.55390625 0.04453125 0.1859375
3 0.1328125 0.41171875 0.04140625 0.13125
3 0.1625 0.51484375 0.05390625 0.175
3 0.246875 0.36171875 0.03046875 0.11171875
3 0.28203125 0.35703125 0.028125 0.1109375
3 0.3234375 0.353125 0.03125 0.11171875
3 0.3546875 0.3484375 0.0234375 0.10625
3 0.62734375 0.340625 0.0203125 0.08671875
3 0.49296875 0.3171875 0.02109375 0.08828125
5 0.30234375 0.50546875 0.015625 0.0296875
5 0.71953125 0.58125 0.01640625 0.03671875
5 0.928125 0.60703125 0.01953125 0.03671875
5 0.7765625 0.48203125 0.01328125 0.02890625
5 0.246875 0.4515625 0.01328125 0.028125
5 0.8140625 0.54140625 0.015625 0.0296875
5 0.64921875 0.52578125 0.01640625 0.03125
5 0.16953125 0.4515625 0.01640625 0.02890625
5 0.32578125 0.4265625 0.01171875 0.021875
5 0.1375 0.35859375 0.01015625 0.025
5 0.20703125 0.396875 0.01171875 0.0234375
6 0.1953125 0.40703125 0.0109375 0.021875
5 0.1984375 0.38125 0.01171875 0.02421875
5 0.19140625 0.36328125 0.01015625 0.0234375
5 0.24921875 0.3171875 0.009375 0.021875
6 0.70859375 0.36328125 0.01015625 0.01875
5 0.64609375 0.38203125 0.01015625 0.01953125
5 0.571875 0.309375 0.00859375 0.015625
5 0.6734375 0.37421875 0.00859375 0.01640625
5 0.06640625 0.40234375 0.01328125 0.03046875
5 0.03828125 0.35703125 0.01015625 0.02421875
5 0.28359375 0.31171875 0.00859375 0.021875
5 0.32578125 0.30703125 0.0078125 0.02109375
3 0.375 0.31484375 0.01796875 0.08125
3 0.50703125 0.28359375 0.01875 0.0703125
3 0.65234375 0.3296875 0.02109375 0.0859375