3 0.8633530725183695 0.722335395667294 0.10031749164729753 0.23656885277546902
3 0.6692236158022803 0.6740756036896902 0.0969742368379741 0.23019151878308025
3 0.6062995190676577 0.5994058675298547 0.0929762176006804 0.2050641847906917
3 0.7665996128070555 0.6334413334237351 0.0961012176006804 0.20519151878308026
3 0.7441095431142747 0.5625850053628454 0.07976688947037935 0.1842423488211363
3 0.6977851585380369 0.41468601623726026 0.05749009618646852 0.1271646778706094
3 0.6664805948357061 0.4175218561611482 0.052420650270152434 0.1160361768820262
3 0.5763218755057451 0.3408412924347144 0.04751489546082901 0.10959517589344295
3 0.26863831716089187 0.5507534392021347 0.09492066351699639 0.21606535178688588
3 0.3152901170682247 0.443533846806789 0.06968256134007814 0.16354784684397003
3 0.202333760081983 0.5058667035365907 0.0769692716843644 0.19349001482874756
3 0.13580600291040687 0.35567038536153284 0.06412204210278447 0.1383568458553869
3 0.14772067115190868 0.4612837153995889 0.08445438947037927 0.18443334980971962
3 0.2572916225105203 0.31717427665456466 0.04935021397248338 0.11747134288963731
3 0.2924478725105203 0.3157417692401909 0.04773315027015244 0.11584517589344294
3 0.33379955880818946 0.31561709384103953 0.050912713972483384 0.1175350098858317
3 0.36583080880818947 0.3143119204190545 0.04126489546082901 0.10934050790866542
3 0.6358605666127378 0.33373444657932755 0.03592263103285873 0.09039950692008221
3 0.5076462865756708 0.296831307263462 0.03597719473518968 0.0919620069200822
5 0.2864285070867581 0.46577360273828805 0.02140377404661713 0.03207767095052709
5 0.6849155923886354 0.582160017720135 0.023239092558271324 0.03995383794672147
5 0.8861308628070553 0.6285708082148641 0.026364092558271324 0.040081171939110226
5 0.7583927871238251 0.4886700028913874 0.01827877404661713 0.031950336958138335
5 0.2416814914776615 0.40674611262411975 0.018224210344286274 0.030387836958138337
5 0.7850619253282599 0.5515546634617912 0.02140377404661713 0.03207767095052709
5 0.625461236035366 0.5198311140698135 0.021458337748947898 0.03364017095052709
5 0.16550093739397748 0.398928295437645 0.02140377404661713 0.03207767095052709
5 0.3234225647986392 0.38937292882201147 0.014880955534962848 0.02401050296574949
5 0.15013388693849056 0.30281729939197766 0.01499008293962456 0.027135502965749493
5 0.2117509440173994 0.3478950360461048 0.016498019237293705 0.02563666996194396
6 0.1981695936545797 0.35702995551375716 0.014880955534962848 0.02401050296574958
5 0.2060738628918734 0.3317434540308824 0.016498019237293705 0.02563666996194396
5 0.2020411273198437 0.31318445501946557 0.014935519237293703 0.02557300296574949
5 0.26741315617578426 0.2730741081754955 0.013318455534962848 0.023946835969555203
6 0.7120311970126243 0.36417668026770517 0.013209328130301045 0.020821835969555114
5 0.6468600647986392 0.3761938606097724 0.013209328130301045 0.020821835969555204
5 0.5864434091710091 0.2967411239556453 0.01153770072563951 0.017633168973360737
5 0.6751214740544663 0.37114160467827334 0.01153770072563951 0.017633168973360737
5 0.07239826733837715 0.3395307322055029 0.01827877404661713 0.031950336958138335
5 0.052214742110633684 0.29198457015222434 0.014935519237293698 0.02557300296574949
5 0.30181543802694966 0.2708921842592189 0.011755955534962847 0.023883168973360736
5 0.34475690617578425 0.26992259186387313 0.011701391832631991 0.022320668973360824
3 0.3918948010036411 0.2828244984799442 0.03257937622353531 0.08402217292769336
3 0.526706310622288 0.2648491368072265 0.0306349303072194 0.07302100593149899
3 0.661914635124392 0.3248714411421201 0.03586806733052796 0.0888370069200822