3 0.6015625 0.85625 0.08515625 0.28671875
3 0.97265625 0.81953125 0.0546875 0.27578125
3 0.92421875 0.73359375 0.08046875 0.23203125
3 0.79921875 0.7015625 0.06328125 0.23125
3 0.53125 0.77890625 0.07109375 0.27578125
3 0.3890625 0.725 0.06484375 0.24921875
3 0.2453125 0.62890625 0.06484375 0.2140625
3 0.24921875 0.41875 0.040625 0.134375
3 0.10703125 0.45703125 0.040625 0.15859375
3 0.1765625 0.4703125 0.04296875 0.153125
3 0.35390625 0.6609375 0.0546875 0.22109375
3 0.35859375 0.521875 0.046875 0.15703125
3 0.69375 0.534375 0.04609375 0.165625
3 0.73515625 0.4765625 0.03203125 0.13984375
3 0.59453125 0.38828125 0.03046875 0.11171875
3 0.31328125 0.38359375 0.03203125 0.11015625
3 0.2875 0.5328125 0.03515625 0.18046875
3 0.1375 0.4328125 0.03125 0.14296875
3 0.6421875 0.48203125 0.03828125 0.08828125
3 0.65625 0.428125 0.03203125 0.115625
5 0.5375 0.6609375 0.02109375 0.040625
5 0.59296875 0.7375 0.02421875 0.0484375
5 0.80390625 0.60390625 0.01796875 0.0359375
5 0.98984375 0.70234375 0.0203125 0.0421875
5 0.928125 0.63828125 0.02109375 0.040625
5 0.2484375 0.5484375 0.01953125 0.0359375
5 0.3578125 0.56875 0.01796875 0.0359375
5 0.3625 0.45859375 0.0140625 0.03046875
5 0.28515625 0.45703125 0.01328125 0.0296875
6 0.734375 0.41875 0.01328125 0.0234375
5 0.69921875 0.46953125 0.01328125 0.02578125
5 0.6421875 0.45 0.0125 0.021875
5 0.7125 0.43671875 0.01171875 0.02109375
5 0.6109375 0.50078125 0.015625 0.0265625
5 0.65703125 0.3796875 0.009375 0.01953125
5 0.10546875 0.39375 0.01328125 0.03125
5 0.140625 0.37578125 0.01171875 0.028125
5 0.184375 0.40859375 0.01328125 0.028125
5 0.24921875 0.36640625 0.01171875 0.0296875
3 0.27109375 0.34453125 0.02890625 0.096875
3 0.496875 0.30234375 0.01640625 0.071875
3 0.575 0.31171875 0.01953125 0.075
5 0.3921875 0.61640625 0.01953125 0.03046875
5 0.59609375 0.340625 0.01015625 0.01640625