3 0.6526047738559744 0.8263781778358215 0.10569223654387443 0.2917209272121397
3 0.9918244883528967 0.764781282469498 0.016351023294206613 0.2789640620344933
3 0.9589367452503016 0.6825531333791208 0.08212650949939686 0.23674232878371626
3 0.8388244776103043 0.6587239892511422 0.07938868611433288 0.23594180810555193
3 0.5767173032546165 0.7531633097626909 0.09105652645796596 0.2801284557481871
3 0.4310462771353346 0.708259686312877 0.08185194482076028 0.25320208271265765
3 0.28086149140511435 0.6220589747737216 0.08005042740790583 0.21882708271265763
3 0.2698476690401628 0.41190272477372164 0.04922979534115868 0.13633991439185814
3 0.1305704850735363 0.45911382671680173 0.05210248982323469 0.161412688998964
3 0.20071588873700943 0.467594106700591 0.05333744120271573 0.15523546360606985
3 0.3917923473525797 0.6466522522763116 0.06944047602842476 0.22456766046291676
3 0.3868481405460317 0.5074805903656527 0.05827060266810493 0.16014128742738745
3 0.7223728827441157 0.49890168714144634 0.0571175384437538 0.1678810128202816
3 0.7591458644267499 0.43845218466024705 0.0417448439616777 0.14222604135632883
3 0.6124545708946136 0.35913717390688005 0.03870837516934209 0.11402826674922295
3 0.3312045708946136 0.3722366031859344 0.040188988014212335 0.11253854135632882
3 0.31640948778706973 0.5232918349889693 0.04856140999505119 0.1830693651776464
3 0.15972904059146026 0.4326947218782375 0.04190861827193717 0.14535104135632881
3 0.6673268566248338 0.4497771364794926 0.04373006784239593 0.0908818651776464
3 0.6770017497728574 0.3952886896226458 0.040434649479601605 0.11722604135632882
5 0.5752223230423201 0.6349762359413733 0.024004066033373662 0.04164384449948209
5 0.6354438500661131 0.7081376000855626 0.027538501809022266 0.04960189371369381
5 0.836831530414695 0.5609221900369306 0.02063340456798457 0.036810795285270356
5 0.963510217094855 0.5871314714684619 0.024004066033373305 0.04164384449948209
5 0.2782068029159322 0.5415174501666158 0.022195904567984214 0.036883569892376046
5 0.3893047551999243 0.5543555903656529 0.020633404567984216 0.036810795285270356
5 0.3858754607632768 0.444090178454994 0.015700243102595036 0.03190497146395259
5 0.3085317107632768 0.44769252150673394 0.015618355947465279 0.030342471463952768
6 0.7545535396869492 0.38071245926735287 0.015290807326946343 0.02409247146395277
5 0.7228808158062309 0.4338760006236818 0.015454581637205677 0.02721747146395259
5 0.664866919944674 0.41778227378304555 0.013646420171816586 0.022457196856846905
5 0.7344014919709412 0.39966366646328194 0.013646420171816586 0.022457196856846905
5 0.6371004460639558 0.4707638786216098 0.017017081637205677 0.027290246071058632
5 0.6744632479638352 0.3468511896226458 0.010439533016686653 0.02074914764263518
5 0.12491030529078136 0.39594173862746046 0.015700243102595036 0.03190497146395277
5 0.15830265942922433 0.37559069727113165 0.013973968792335523 0.028707196856846907
5 0.20451259610938424 0.4055478709686147 0.015536468792335523 0.028779971463952635
5 0.26632319934331605 0.3595953620772745 0.014055855947465279 0.030269696856846905
3 0.28701083559393464 0.3359202675777925 0.03632700361804462 0.09833049214211709
3 0.509595164517607 0.27934697415454907 0.02095430913596843 0.07267552067816449
3 0.5881296002932558 0.2835207437992562 0.024243083446227942 0.07594606989237614
5 0.4269176198538169 0.599593161705771 0.021950243102595125 0.03219606989237604
5 0.6107382626631562 0.3114445366033271 0.01183825870642714 0.017696922249741044