3 0.6919032219601542 0.8019152312336921 0.11885397783744693 0.2776329631253362
3 0.9410301187262224 0.776209662932246 0.05734326775153882 0.2624342980225286
3 0.7992797099743665 0.6980796730717047 0.1163973631835546 0.2307579631253361
3 0.43412169945891704 0.7384108340640132 0.11787133197589003 0.2588829631253363
3 0.45625008423919755 0.5854879298569686 0.0877876843053107 0.18983803218308673
3 0.2995729590698554 0.6874442777436113 0.10241675033868428 0.2313371173323807
3 0.18957051730131289 0.6319212613999664 0.09814533016686773 0.20924359604505724
3 0.14036281264247155 0.493612878228144 0.07027927973732644 0.15280792574646931
3 0.2579287709193575 0.5394713174682666 0.0708524898232347 0.1637454257464693
3 0.5442834300098977 0.40188846204005546 0.05120837516934209 0.11566855866619026
3 0.6858667424252265 0.46824507157876594 0.05868668249628843 0.13954310124083733
3 0.6622687901412344 0.48462954224567084 0.053753521030899164 0.13452781930985208
3 0.45644259328430914 0.34242634470767486 0.033945632066746965 0.08332595222957302
3 0.26772425203616496 0.3974477084337592 0.04611143939369331 0.10752827673520518
3 0.3334278171650273 0.3855757751457213 0.0443851650834338 0.10429401609154336
3 0.2877877685445083 0.38865721647953094 0.039697665083433885 0.1039662341605582
3 0.605687919494448 0.4720477787520174 0.04998006784239593 0.09223105866619044
3 0.6239333084586001 0.42314038518863484 0.046111439393693485 0.10752827673520518
5 0.9599206388526105 0.6701071284033709 0.01939845318850324 0.043389367080279226
5 0.6741159356641071 0.692463821578766 0.03049972749876275 0.04727919158591121
5 0.7937910278167625 0.6083069788879035 0.027047178878243726 0.04081067029858776
5 0.7677541502725711 0.5664965373019923 0.022114017412854636 0.0357953883676025
5 0.4277665581199157 0.6352476292365501 0.02556656603337366 0.04226390965492595
5 0.2565986442796773 0.4750810355372814 0.017180855947465278 0.030780106436617417
5 0.45401587686682277 0.5233867676041527 0.01718085594746519 0.030780106436617417
6 0.6793168492772029 0.4136832577167956 0.0169351944820761 0.026092606436617417
5 0.6588438969932108 0.43028624967102386 0.01512703301668683 0.021295845792955605
5 0.6018159690194782 0.44119661649920144 0.015208920171816586 0.022858345792955603
5 0.6402233717784401 0.4564281325907448 0.015290807326946165 0.024420845792955604
5 0.581267773632891 0.4891588690970915 0.018579581637205855 0.027764367080279052
5 0.5419297139310955 0.3570294301090703 0.011920145861557074 0.019514824505632154
5 0.291157350747541 0.5637500516288247 0.020469630257724792 0.03412362772394086
5 0.29367151911033523 0.5905857032379791 0.021704581637205855 0.027982888367602498
5 0.18947202001484637 0.558991859790812 0.02211401741285455 0.0357953883676025
5 0.13870513738227236 0.43547259629715873 0.018825243102595035 0.03245186708027905
5 0.22226790988350956 0.48679443169855413 0.017017081637205767 0.027655106436617415
6 0.20668717548734178 0.49981895558376765 0.017017081637205767 0.027655106436617415
5 0.013469441995685182 0.47611438576971243 0.01890713025772479 0.03401436708027923
5 0.05006868328925791 0.4959241412175942 0.01890713025772479 0.03401436708027923
5 0.041877725012371955 0.4577139470337929 0.017180855947465278 0.030780106436617417
5 0.07443459746818062 0.42000077958519666 0.015372694482076033 0.025983345792955602
3 0.5837387556542095 0.32231557652244447 0.02852114767057934 0.06893567029858776
3 0.5661041983272632 0.3446058397639963 0.033781857756487454 0.08020095222957294
3 0.5262571263009959 0.3269213130287912 0.033454309135968606 0.07395095222957301
3 0.21160704884766163 0.4358657162274294 0.05376016508343388 0.10494957995351376