3 0.6905604132625424 0.7583275251824555 0.10000995680090732 0.26927724082661797
3 0.9501635917556632 0.7279168207547787 0.057440510884591234 0.25809430113146803
3 0.8020559631698753 0.6522315404059619 0.10149804573098171 0.222420421544777
3 0.43638383395111485 0.7004433440715128 0.1008631286706061 0.2489738311856975
3 0.4635787949283733 0.5479723290443982 0.07513395317271013 0.18321247579950323
3 0.3029190587233714 0.6527921601318998 0.08743554573098153 0.2223386083130606
3 0.19539922460262052 0.6003034852674729 0.0836012176006804 0.20200792759490122
3 0.1501735485565704 0.4638756267580207 0.059871051721431326 0.14875566256778666
3 0.26664179674247185 0.5061580546475095 0.06019843393541642 0.15813066256778666
3 0.5575445936545798 0.36230701893593953 0.04449902286549072 0.11117384933607007
3 0.6967137318590146 0.42554684143923416 0.04844247840045366 0.13462953005422928
3 0.6726760311333753 0.4428706968254284 0.045153787293461 0.12992384933607007
3 0.4712822006408214 0.3050081242239379 0.027837312521204537 0.08139544574527387
3 0.2809548118034143 0.3646972624930319 0.03953870435383653 0.10333407825883115
3 0.3478248532732266 0.3510296722321481 0.03630457694917481 0.10019089754067192
3 0.3015946940173994 0.35520408782499685 0.03317957694917482 0.10017271682251269
3 0.6160540089008567 0.4314837449318345 0.045243067330527964 0.08774543969514963
3 0.6365227655242787 0.382155910622879 0.03953870435383653 0.10333407825883123
5 0.9672097372164924 0.6200270527026019 0.02334821996293286 0.04231476502711473
5 0.6771923724257023 0.6490525191323313 0.02658234736759475 0.04545794574527395
5 0.799697344202734 0.5632008566627406 0.024801592558271322 0.039198855386194255
5 0.774608064165667 0.521167892767094 0.019895837748947896 0.03292158430895533
5 0.4329265064537859 0.5981405006873711 0.023239092558271324 0.03918976502711473
5 0.2680976585380369 0.44210009982704934 0.016661710344286273 0.02977840359079629
5 0.46339031117044216 0.48626721458301764 0.016661710344286363 0.02977840359079629
6 0.6923734614405946 0.37089570287555257 0.014935519237293703 0.02508181323171659
5 0.6714607607149551 0.38820137754358763 0.014771828130301045 0.020394313231716588
5 0.6140202829474738 0.40025192564999373 0.013263891832631814 0.02194772287263693
5 0.6517831777753307 0.414872961852543 0.013318455534962758 0.023510222872636887
5 0.5912350581752172 0.44881214549756854 0.01655258293962447 0.02665340359079611
5 0.5567286273198437 0.31857065447455896 0.010029764427970277 0.018804542154477667
5 0.29941709120750903 0.5294001119272977 0.01827877404661713 0.03134999394987581
5 0.300805976416719 0.5567302263886784 0.01967758293962447 0.02667158430895533
5 0.1979364367610053 0.5276472352674729 0.019895837748947987 0.03292158430895533
5 0.15141115554281206 0.40606767193756055 0.01671627404661713 0.03134090359079611
5 0.2332861489193901 0.4548000877268009 0.014990082939624472 0.02664431323171641
6 0.21641610744957784 0.468176786497137 0.014990082939624472 0.026644313231716586
5 0.02415668557987895 0.4489869458434697 0.016770837748947977 0.032903403590796285
5 0.06019338930074325 0.4683045724050988 0.016770837748947987 0.032903403590796285
5 0.05371770000784922 0.4300687742004968 0.01509921034428625 0.02976931323171641
5 0.08708576071495519 0.3916011718393647 0.013373019237293704 0.02507272287263689
3 0.6001710924734533 0.28238771477940927 0.024166675497895796 0.06575226502711465
3 0.5814111687896559 0.30514850390882486 0.02923612141421188 0.07671703610435347
3 0.5421676195152954 0.28819280806535513 0.027509930307219398 0.07202044574527386
3 0.22409468739397748 0.4048637202403583 0.047242076949174816 0.10025453005422928