3 0.6203125 0.8471723774453916 0.1 0.2912067829810957
3 0.97734375 0.788063980395699 0.0453125 0.278388620413309
3 0.9359375 0.705492374911309 0.0921875 0.23647383118569748
3 0.809375 0.681228693996758 0.075 0.23481133723582168
3 0.54609375 0.7733854195016736 0.0859375 0.280187469749379
3 0.40078125 0.7281370728960781 0.078125 0.25201701795398074
3 0.25234375 0.6407194070086417 0.0765625 0.21763292759490122
3 0.2453125 0.4306040636245 0.046875 0.1362102107723885
3 0.10546875 0.47673015076212577 0.0484375 0.1612193011314682
3 0.17578125 0.48647733460354303 0.0515625 0.15498748184962743
3 0.3625 0.6666410366935287 0.065625 0.22381929508134385
3 0.36015625 0.5268109222321481 0.0546875 0.15969316256778665
3 0.6953125 0.5201735402095701 0.0546875 0.16750566256778665
3 0.73359375 0.4597945764121195 0.0390625 0.14085225897699036
3 0.58828125 0.38017122980652396 0.0359375 0.11270907825883114
3 0.3078125 0.3919591992613153 0.0375 0.11115566861791085
3 0.28984375 0.5420637383907309 0.0453125 0.18307612041330898
3 0.134375 0.4507807291191529 0.0390625 0.14397725897699049
3 0.64140625 0.4712684075978169 0.0421875 0.09087043969514959
3 0.65234375 0.4165172750842596 0.0375 0.11740566861791084
5 0.54609375 0.6554166695016737 0.0234375 0.04232385538619425
5 0.60546875 0.7285087358566481 0.0265625 0.05015453610435348
5 0.80859375 0.5827957391762978 0.0203125 0.037618174668035034
5 0.99453125 0.6707764864458233 0.0109375 0.04381363251355737
5 0.93515625 0.6101844200908488 0.0234375 0.04232385538619425
5 0.2515625 0.5602552021881815 0.021875 0.037627265027114734
5 0.36171875 0.5736768318730685 0.0203125 0.037618174668035034
5 0.36015625 0.46352967223214814 0.015625 0.03134090359079611
5 0.2828125 0.46632339500658915 0.0140625 0.02976931323171659
6 0.7296875 0.4020048023098185 0.0140625 0.023519313231716587
5 0.69765625 0.4553161546709507 0.0140625 0.02664431323171641
5 0.6390625 0.43925079313643633 0.0140625 0.02195681323171659
5 0.70859375 0.42165877215739334 0.0125 0.02194772287263689
5 0.6109375 0.49175816959986945 0.0171875 0.02822499394987581
5 0.65078125 0.36808886544333924 0.0109375 0.020376132513557365
5 0.10078125 0.4142574218393646 0.015625 0.03134090359079624
5 0.134375 0.39374947911915287 0.0125 0.028197722872636978
5 0.1796875 0.42395460870584395 0.0140625 0.028206813231716588
5 0.2421875 0.37827849434265925 0.0125 0.02976022287263689
3 0.26328125 0.35549952449508443 0.034375 0.09863748789975162
3 0.48671875 0.3002933531466991 0.0203125 0.07199317466803504
3 0.56484375 0.3045263351927182 0.0234375 0.07669885538619425
5 0.3984375 0.6195569584346975 0.021875 0.03137726502711473
5 0.5875 0.3325195249860637 0.0109375 0.017251132513557366