3 0.6140625 0.8625 0.08125 0.275
3 0.4234375 0.8921875 0.109375 0.215625
3 0.8390625 0.775 0.07109375 0.26171875
3 0.459375 0.81171875 0.071875 0.26015625
3 0.43359375 0.5796875 0.05 0.19453125
3 0.271875 0.69375 0.07109375 0.24296875
3 0.7625 0.66953125 0.06953125 0.21171875
3 0.71640625 0.58671875 0.04453125 0.18515625
3 0.7625 0.5046875 0.0421875 0.13984375
3 0.3875 0.75 0.0640625 0.253125
3 0.35703125 0.51171875 0.04765625 0.165625
3 0.62578125 0.428125 0.03125 0.1140625
3 0.159375 0.43203125 0.03828125 0.13203125
3 0.1984375 0.41953125 0.0328125 0.13125
3 0.26953125 0.4515625 0.0390625 0.13828125
3 0.240625 0.37890625 0.03125 0.11484375
3 0.60234375 0.409375 0.028125 0.11796875
3 0.36796875 0.37890625 0.02734375 0.103125
5 0.41640625 0.80859375 0.02578125 0.0484375
5 0.38828125 0.64375 0.01875 0.03984375
5 0.621875 0.746875 0.02578125 0.04375
5 0.4375 0.49921875 0.01484375 0.0359375
5 0.84375 0.66328125 0.02109375 0.03984375
5 0.27734375 0.603125 0.01953125 0.04296875
5 0.303125 0.4859375 0.01640625 0.03046875
5 0.36015625 0.44375 0.0125 0.025
5 0.66015625 0.409375 0.01015625 0.021875
5 0.7265625 0.51328125 0.0140625 0.0296875
5 0.4640625 0.69765625 0.02109375 0.03359375
5 0.61328125 0.54609375 0.01640625 0.03046875
5 0.65 0.48671875 0.01484375 0.025
5 0.76328125 0.59609375 0.015625 0.03203125
6 0.284375 0.49921875 0.01484375 0.02890625
3 0.58046875 0.33359375 0.01953125 0.08046875
3 0.621875 0.321875 0.01640625 0.06875
3 0.35390625 0.3375 0.02578125 0.09921875
5 0.73515625 0.46328125 0.01171875 0.02109375
6 0.76796875 0.4484375 0.01484375 0.025