3 0.9201808973260771 0.67890625 0.07741943668674978 0.228125
3 0.717355906254531 0.66171875 0.07421261606989855 0.2234375
3 0.6395542345820198 0.5984375 0.07374896590774291 0.196875
3 0.805810480117793 0.60703125 0.07531146590774292 0.196875
3 0.7678934687537072 0.54140625 0.06092168344033873 0.178125
3 0.691373653411862 0.4046875 0.04434210957707698 0.1234375
3 0.6607821724865854 0.41171875 0.04102619480442442 0.1125
3 0.5555958405056487 0.35078125 0.036229600648623086 0.10625
3 0.2934059375041191 0.6015625 0.07393988068039521 0.2078125
3 0.31799860876959324 0.490625 0.054317127433984334 0.1578125
3 0.21821106859155143 0.56796875 0.057960324674040796 0.1875
3 0.12137875324970618 0.43125 0.0507557508107789 0.1328125
3 0.15476222321793406 0.5328125 0.06560918344033877 0.178125
3 0.23329810065191842 0.375 0.03790119480442451 0.1125
3 0.26856344480771976 0.36875 0.03633869480442442 0.1125
3 0.30929753896352113 0.3625 0.03946369480442451 0.1125
3 0.3406566331193225 0.35625 0.03156937418757346 0.1078125
3 0.6129134626646272 0.334375 0.026527318181219072 0.0875
3 0.4780435848236058 0.31796875 0.026554591720169364 0.0890625
5 0.29412473214638785 0.515625 0.017705697240056394 0.0296875
5 0.713496295052601 0.56953125 0.0194045649348082 0.0375
5 0.9226121964325728 0.584375 0.02252956493480838 0.0375
5 0.7668315750843732 0.46796875 0.014580697240056395 0.0296875
5 0.23641737216227385 0.46484375 0.014553423701106105 0.028125
5 0.8064610909126857 0.525 0.017705697240056394 0.0296875
5 0.6409588218379623 0.51796875 0.019322744317957153 0.0328125
5 0.159005438314898 0.46875 0.017705697240056485 0.0296875
5 0.31426568263285515 0.4359375 0.012881829545304768 0.021875
5 0.12386855357401774 0.378125 0.011373876623205437 0.025
5 0.19514353571711024 0.4125 0.012909103084255058 0.0234375
6 0.18323387094445787 0.4234375 0.012881829545304768 0.021875
5 0.18604127110661364 0.396875 0.012936376623205436 0.025
5 0.17774753003506738 0.3796875 0.011346603084255103 0.0234375
5 0.2340753965120031 0.33046875 0.011319329545304768 0.021875
6 0.6946310669666984 0.35234375 0.01126478246740419 0.01875
5 0.6333117374213936 0.37421875 0.0112920560063543 0.0203125
5 0.5563731363657334 0.30625 0.009647735389503254 0.015625
5 0.6600242418856205 0.365625 0.00967500892845372 0.0171875
5 0.05430034740550753 0.425 0.016170470779006796 0.03125
5 0.024595256496117046 0.38125 0.011373876623205437 0.025
5 0.2685731274372796 0.3234375 0.009756829545304768 0.021875
5 0.31010210836255614 0.31640625 0.009756829545304768 0.021875
3 0.36000665097622997 0.321875 0.023320497564368027 0.0828125
3 0.4903623526805133 0.28359375 0.02312958279171564 0.071875
3 0.63735040097623 0.321875 0.026527318181219072 0.0875