3 0.6002921410551034 0.8493286550367151 0.09237456363895866 0.2780625446422686
3 0.408921605435902 0.8846872767886567 0.11751872758291686 0.2175886948044245
3 0.825857145139166 0.7540222889668164 0.08110975531833375 0.26380912986961624
3 0.44593260258611045 0.8043861221622738 0.08263588772715309 0.26227390340856677
3 0.4216456898764231 0.5728730694023303 0.05767094889756965 0.19623980032431163
3 0.25876187053788136 0.6928561071447401 0.08067334422416686 0.2450591298696164
3 0.750150589952673 0.6514797159143335 0.07838349240055571 0.21378185633066593
3 0.7044036384896523 0.5702803088523188 0.0527652433504862 0.18678297970746058
3 0.7508623708222217 0.48669051299223404 0.04858558320625015 0.14141593262956
3 0.37469468864215216 0.7447168417234646 0.07467791736243079 0.2558875357138149
3 0.3450663125015968 0.5078304963498473 0.05389133225631957 0.16806025324641088
3 0.6143085814032982 0.41488547118933916 0.03546733415618064 0.11463524431795716
3 0.14839264067385377 0.4355129857965405 0.04371624525034736 0.1335216120127088
3 0.18698301519888855 0.42156353409225716 0.03742987765916679 0.13185001785690745
3 0.25814884717086767 0.4507777013005415 0.045424215615069576 0.13979888555165926
3 0.22935300636517328 0.37943453531007315 0.03550370174736121 0.11619774431795715
3 0.5912893087018747 0.3973258242735943 0.03245143692972228 0.1192681972400564
3 0.35675130775194414 0.3748679918856205 0.0320877610179167 0.1036431972400564
5 0.40301840397288125 0.8027923944834082 0.027689895326597335 0.048901150162155814
5 0.37560518484243 0.638494115262415 0.019695557370694415 0.04095228246740419
5 0.6084520928024647 0.7336081976503889 0.027580792553055566 0.04421365016215582
5 0.4258623708222218 0.4923634090939048 0.01646145459715278 0.03621023538950343
5 0.8315824279085758 0.6422489918889157 0.022820557370694418 0.04100682954530477
5 0.2647774408263537 0.6021629232973643 0.021330792553055568 0.0441045560063543
5 0.2917419439604857 0.483771433443634 0.017914851823611144 0.03155000892845372
5 0.34899205271795103 0.4398208360414218 0.013081881458888844 0.025218188311602673
5 0.6491381762930553 0.3947542033324317 0.011446646276527871 0.022065914772652385
5 0.7147066652751384 0.49669280438809194 0.01475348423243048 0.029932961850553143
5 0.45093118674229105 0.6902827118538484 0.022675087005972296 0.03475682954530477
5 0.6014065782691662 0.5330314991925164 0.017914851823611144 0.03155000892845372
5 0.6387260467340274 0.4730292077966586 0.016206881458888843 0.02527273538950343
5 0.7510786167381592 0.5780558526838085 0.016388719414791808 0.033085235389503254
6 0.27266463563986065 0.4981612159110381 0.01631598423243057 0.02996023538950343
3 0.5696156368741316 0.32195367735784935 0.02220361474138901 0.08160455600635448
3 0.6113128276035761 0.30873092857566536 0.01878767401194459 0.06905000892845373
3 0.3428712989182289 0.33372084050564865 0.030452525835555643 0.1004909237011061
5 0.7236829281929162 0.44655643669334016 0.013009146276527873 0.022093188311602674
6 0.7568591041047219 0.4303586923753831 0.016206881458888843 0.02527273538950343