3 0.69375 0.78046875 0.06796875 0.26328125
3 0.9703125 0.77578125 0.059375 0.25390625
3 0.81015625 0.68515625 0.07578125 0.215625
3 0.44296875 0.69921875 0.07109375 0.24375
3 0.478125 0.54921875 0.053125 0.178125
3 0.31328125 0.6390625 0.06015625 0.21796875
3 0.20859375 0.5765625 0.06015625 0.196875
3 0.17109375 0.4359375 0.04296875 0.14453125
3 0.284375 0.4890625 0.04140625 0.15546875
3 0.58203125 0.37265625 0.03046875 0.109375
3 0.7171875 0.4484375 0.0328125 0.13203125
3 0.6921875 0.46328125 0.02890625 0.128125
3 0.49921875 0.30703125 0.01875 0.0796875
3 0.30625 0.34921875 0.0265625 0.1015625
3 0.3734375 0.34140625 0.025 0.0984375
3 0.32734375 0.34140625 0.02109375 0.09921875
3 0.63671875 0.446875 0.034375 0.08515625
3 0.659375 0.39921875 0.02734375 0.1015625
5 0.978125 0.66875 0.02109375 0.03984375
5 0.6859375 0.6703125 0.021875 0.04296875
5 0.8125 0.5953125 0.01953125 0.03671875
5 0.78984375 0.5515625 0.01640625 0.03203125
5 0.4453125 0.59609375 0.01796875 0.03828125
5 0.2890625 0.425 0.0125 0.02890625
5 0.48125 0.4875 0.0125 0.02890625
6 0.715625 0.39375 0.01171875 0.02421875
5 0.69375 0.40859375 0.01171875 0.01875
5 0.6359375 0.415625 0.0109375 0.02109375
5 0.67265625 0.43359375 0.0109375 0.021875
5 0.6109375 0.46171875 0.01328125 0.025
5 0.58359375 0.328125 0.00859375 0.01796875
5 0.315625 0.515625 0.01484375 0.03046875
5 0.315625 0.54296875 0.01640625 0.025
5 0.21484375 0.50390625 0.01640625 0.03203125
5 0.175 0.378125 0.01328125 0.0296875
5 0.25390625 0.434375 0.01171875 0.02578125
6 0.23671875 0.44609375 0.0125 0.02578125
5 0.04609375 0.409375 0.01328125 0.03125
5 0.08125 0.43203125 0.01328125 0.03125
5 0.0765625 0.39296875 0.01171875 0.02890625
5 0.11171875 0.3578125 0.01015625 0.02421875
3 0.628125 0.29609375 0.01640625 0.06484375
3 0.60859375 0.3171875 0.01953125 0.07578125
3 0.5703125 0.296875 0.01953125 0.0703125
3 0.24765625 0.38359375 0.0359375 0.096875