3 0.5362409091546718 0.8703125 0.1338090052417872 0.259375
3 0.44823216455334264 0.76484375 0.11147293028792978 0.2765625
3 0.3981134461701753 0.68984375 0.09843270974529413 0.24375
3 0.8415013032022906 0.76953125 0.11007111659283941 0.2546875
3 0.5933629942875621 0.83515625 0.13026250308231901 0.3015625
3 0.4270325832779638 0.54375 0.08096580505721711 0.190625
3 0.2857147732835011 0.63046875 0.10720693244739818 0.234375
3 0.26274194092838793 0.43046875 0.06566217766703612 0.146875
3 0.1682211829088235 0.40625 0.06450019586563345 0.153125
3 0.314475619213733 0.384375 0.0598732526208936 0.1296875
3 0.38426768506829184 0.3640625 0.047734198025101815 0.1109375
3 0.6792366309339253 0.5171875 0.05298290252860873 0.0953125
3 0.7824116957087499 0.51796875 0.05306204811738695 0.1453125
3 0.6378024976836482 0.40703125 0.05292234577334831 0.11875
3 0.35798339219269226 0.478125 0.07135097316352938 0.1625
3 0.20540100786268095 0.3890625 0.054123900369140276 0.1375
3 0.7255480313030656 0.6546875 0.08186697100406093 0.2046875
3 0.6750917466039139 0.428125 0.0446091980251019 0.1109375
3 0.6942317728220757 0.45859375 0.05186049352159507 0.1265625
3 0.9715627787606136 0.796875 0.056874442478772734 0.2234375
3 0.977306286240311 0.87734375 0.045387427519377965 0.2453125
5 0.5355016270764139 0.7734375 0.03485466378737563 0.05625
5 0.6040025007659672 0.70859375 0.031128886489479514 0.046875
5 0.4034239049926187 0.58984375 0.0241779796419344 0.0359375
5 0.434626235345147 0.4671875 0.019290220542635694 0.0328125
5 0.2943702776024377 0.54609375 0.025940738741233017 0.0390625
5 0.851198873375786 0.66484375 0.02604086829088246 0.040625
5 0.6427879912052432 0.53359375 0.020652461443337166 0.0296875
5 0.756801623994095 0.471875 0.015564443244739757 0.0234375
6 0.30688196714654975 0.4609375 0.01722707279438911 0.025
5 0.36325308065707007 0.4140625 0.01732720234403846 0.0265625
3 0.3313498434569966 0.52578125 0.06992817550756794 0.1890625
5 0.3302496159745305 0.44765625 0.019089961443337078 0.0296875
5 0.21127147362495471 0.334375 0.015764702344038463 0.0265625
5 0.17061619524732463 0.34609375 0.014402461443337077 0.0296875
5 0.7225045720191968 0.5828125 0.019190090992986342 0.03125
6 0.7848567728220758 0.45859375 0.018889702344038462 0.0265625
5 0.746804862735328 0.5109375 0.01732720234403846 0.0265625
5 0.6809900956164648 0.48359375 0.015564443244739934 0.0234375
5 0.6964463124584729 0.4078125 0.013901813695090581 0.021875
5 0.26919339759136307 0.37265625 0.015864831893687814 0.028125
5 0.31757153839977936 0.33515625 0.015764702344038463 0.0265625
3 0.6638958258767081 0.3265625 0.029505829734219446 0.0703125
3 0.6180023349760068 0.3296875 0.03469397748246603 0.078125
5 0.6761443044389084 0.38359375 0.013701554595791875 0.01875
5 0.4571286983296436 0.64765625 0.025640350092285047 0.034375
3 0.5348498735326697 0.3 0.026681218383167504 0.075