3 0.5979229860854736 0.8756344852480538 0.10664522532260179 0.24873102950389248
3 0.4066148951730025 0.9033356445548015 0.12909854547482597 0.19332871089039685
3 0.8222783403438173 0.8067201228728296 0.0951983893530464 0.27053928413027994
3 0.44264257848081917 0.8409923521790781 0.09669722235685216 0.2690677893919517
3 0.413752210419492 0.6082939732681177 0.06739704152049324 0.20033319994353035
3 0.25328560121823224 0.7218951997317687 0.09443438539871388 0.2517892841302798
3 0.7443854450964528 0.7003798466350576 0.09003604547482595 0.22035727360693613
3 0.6968830454004639 0.6169534256307225 0.06232753954332715 0.1906851841585148
3 0.7425085631949611 0.5350355676958622 0.05579369665368965 0.14509966837349922
3 0.3699982573400117 0.7788115996188293 0.08700388737588013 0.2607092578219207
3 0.3366432237653648 0.5403714549228534 0.06306236859279987 0.17046368942018653
3 0.6046849110275143 0.4580950941453959 0.042211357718385044 0.11780912628012441
3 0.13791390509601525 0.4591005261671849 0.05078786167271767 0.13701415258848365
3 0.17679999155986198 0.44648640507814524 0.04447419467652329 0.13508763154179615
3 0.2482784021302657 0.4796243997458863 0.05260502965749527 0.14335515785015537
3 0.21836275045711054 0.4066195392507773 0.042211357718384954 0.11780912628012441
3 0.5811983314837498 0.43871576258948225 0.0392136917107738 0.12075211575678071
3 0.34599300193998533 0.40700521807703305 0.03707818874502422 0.10659861049510884
5 0.39970566197891644 0.8377084574831022 0.030162343878220543 0.05163809471009344
5 0.36964011308123035 0.6722885838338137 0.021967841901054184 0.04180806840173403
5 0.6042286773019556 0.7767918862387707 0.029971342889637497 0.04695059471009326
5 0.4170310607235031 0.5278252232681178 0.018651840912470873 0.03693855787839038
5 0.8252680305717164 0.6949103676111578 0.025092841901054187 0.04199007892507769
5 0.257759536997507 0.6313157023626047 0.02365767589344294 0.04502407366340577
5 0.2821294787082807 0.5137032681335028 0.02002333992388783 0.03234206314006212
5 0.33866332159791807 0.4715759522920175 0.015081171939110228 0.02581904735504672
5 0.6391381654761386 0.4389579572713407 0.01182883794672147 0.022512036831702886
5 0.7061253942216004 0.5438799466774098 0.01683467292769336 0.03059755261671846
5 0.4457277692030098 0.7268388469174062 0.024838173916276674 0.03574007892507769
5 0.5936280528148377 0.5756998230987085 0.02002333992388792 0.03234206314006229
5 0.629704815666419 0.5167189362246533 0.016643671939110226 0.02591005261671846
5 0.7442527939175891 0.6267603361117138 0.018524506920082118 0.033813557878390375
6 0.2635877257425312 0.5267192076242766 0.01683467292769336 0.03059755261671846
3 0.5584412638029834 0.36299542577189675 0.02674818380210837 0.08261507892507769
3 0.5996392667687329 0.3512990625753648 0.023113847832553346 0.06993306840173404
3 0.33124209384103953 0.36542466282947866 0.035324687756441084 0.10182010523343692
5 0.7144445715979181 0.4934627177240972 0.013391337946721649 0.022603042093374805
6 0.7471443250579591 0.4789220755883701 0.016643671939110226 0.02591005261671846