3 0.5630290961909867 0.8690019090348393 0.1343240016215578 0.26199618193032137
3 0.4574433437553548 0.7875129220639516 0.11266718993316047 0.2793795120146356
3 0.39522576177441804 0.7258390780553612 0.09956717207625303 0.244859061346272
3 0.840397939939751 0.6942929174490401 0.11072286038785598 0.2574863306810903
3 0.6115853729763481 0.8205628740849507 0.1303183400953163 0.3061420066836355
3 0.3978576582831259 0.5750578280553611 0.08147964529089187 0.1930965666772721
3 0.2754178222449994 0.6955328653723619 0.10727057792045169 0.23869996801399934
3 0.2178076939969409 0.5041987933640895 0.06509098620028231 0.14916475334181775
3 0.12170030722746569 0.5038618913510446 0.06520008035608367 0.15541475334181776
3 0.2594554517075786 0.44607775803627103 0.06010347727182861 0.1319227093411815
3 0.32340490341186195 0.4085328520448616 0.04727619480442442 0.1130272586728179
3 0.6369531603117208 0.4864151407542687 0.05325345941492117 0.09747498400699968
3 0.7374168104738766 0.4610162461011772 0.054126212661331864 0.14747498400699968
3 0.577720256496117 0.3880498187459963 0.052072788960225935 0.1193318026734543
3 0.31820711445163613 0.5272464893777707 0.07161372158978577 0.16486247867599957
3 0.15419520738962147 0.4776721086887263 0.053989844966580235 0.13966248400699968
3 0.7066871875041191 0.6099077320973592 0.08328760714144501 0.20717724801081766
3 0.6165782049539895 0.40022310208463246 0.045686421265474134 0.1114465773392725
3 0.6411554651002592 0.42473275342135963 0.052209156654977565 0.12714430267345417
3 0.9663973782513537 0.6832565147994485 0.04767738960884884 0.22550907733927233
5 0.5444075556059079 0.7744594860757237 0.03538412094116268 0.05821248933799979
5 0.5989507796313255 0.6938276514162689 0.030505706168510116 0.04722044533736351
5 0.3829087682672399 0.625675446053452 0.0240920649348082 0.0377727200031817
5 0.39061394846116776 0.4976140807208612 0.019322744317957153 0.03303067600254543
5 0.2690917301177929 0.6102857087046346 0.02568183847375849 0.039353401336727066
5 0.8305065170494238 0.5894690574474494 0.0257091120127086 0.04091590133672725
5 0.6052667836885154 0.5110515140833598 0.020830697240056394 0.02992385733609062
5 0.7044912621781598 0.42234409742995016 0.016034103084255236 0.02361931333545435
6 0.26515029829901193 0.5227220740372255 0.016088650162155816 0.02674431333545435
5 0.3123077163180752 0.46232092337681613 0.017678423701106106 0.028324994668999893
3 0.3016411773578494 0.5809709260423161 0.07051487175194149 0.19140679734245403
5 0.28579008076641604 0.5042084313733163 0.019268197240056482 0.029905676002545435
5 0.15047591802235855 0.42214881468808996 0.014526150162155815 0.026726132001908987
5 0.11259408847705377 0.44358746268299926 0.014580697240056483 0.029851132001908986
5 0.6914946099874092 0.540185578095132 0.01929547077900686 0.031468176002545256
6 0.7290645681845144 0.40231340809990446 0.017651150162155814 0.02676249466899989
5 0.7014384001654511 0.4629418254296319 0.017651150162155814 0.02676249466899989
5 0.6328520413991531 0.45276684675363227 0.01603410308425506 0.02361931333545435
5 0.6342157183466701 0.3746418467536324 0.014444329545304769 0.022038632001908986
5 0.21336170170757862 0.44554140869668046 0.016115923701106104 0.028306813335454352
5 0.2532969549539895 0.39599594203531663 0.014526150162155815 0.026726132001908987
3 0.5878140511383857 0.30221231608049626 0.029379582791715642 0.07220226400381798
3 0.5445862025183575 0.31655607940799657 0.034203450486467266 0.08006930800445433
5 0.6103242508140742 0.35561003608367797 0.01282728246740401 0.018895450668363623
5 0.4446587459461055 0.6693714493952699 0.025600017856907444 0.03466590133672724
5 0.9867019699715233 0.5944121908019937 0.007013659090609537 0.043822725334181814
3 0.45800382021310926 0.30773451539622443 0.027871629869616398 0.07530908267027261