5 0.2711390198887977 0.36192399743454884 0.12415806899199797 0.22311280452090293
5 0.4533748214309252 0.3544420718070837 0.10785123051823949 0.18368662860909737
5 0.11030665990468372 0.3073787017473612 0.10467168344033873 0.1804888934267362
5 0.6244646172910099 0.31387488924576445 0.08882849512873606 0.16762521751493065
3 0.5397379734375 1 0.546804184375 0.9633093593750001 0.580457190625 0.96332669375 0.59281896875 0.91749599375 0.6152832046875 0.888053003125 0.6433527015625 0.8787302796875001 0.6448951671875001 0.8552183546875 0.6748980328124999 0.75345854375 0.6581692578125 0.7362185875 0.6675980546875 0.68138873125 0.651520884375 0.59310165625 0.6830882703125 0.6100946046875 0.6973402203125 0.5817508703125001 0.6988826859375 0.5582389484375 0.683500921875 0.55194965 0.687672165625 0.5179984156249999 0.7001427 0.526068765625 0.7191742984375 0.5026507359375 0.71513325625 0.46979875625 0.6843914828125001 0.468000371875 0.6765483484375 0.3893942515625 0.6529108 0.3626437890625 0.6670322453125 0.269618796875 0.64654488125 0.2281851171875 0.6234939875000001 0.2295313828125 0.60391923125 0.24641310781249998 0.5837146203125 0.34512216093750003 0.54801949375 0.3836408671875 0.519798046875 0.44898659375000005 0.5276629296875 0.5383729234375 0.51241166875 0.5967648875 0.4945098828125 0.6548159515624999 0.5039607312500001 0.7422507781250001 0.47984557656250004 0.8727891140624999 0.5066768109375 0.9064167796874999 0.5042819140625 1 0.5397379734375 1
3 0.3599631125 0.68708725625 0.38453472031249997 0.6514488593750001 0.3791901640625 0.6292066390625 0.377517196875 0.588037303125 0.3573772328125 0.4561180421875 0.30988493125 0.42629948906250004 0.3212039015625 0.38895659843749997 0.3292421859375 0.3016156640625 0.2978920046875 0.2609403421875 0.271647428125 0.2554094015625 0.22774001406250002 0.2950273625 0.2170512015625 0.3820274 0.22191785312499998 0.4300739421875 0.19830205625 0.414103690625 0.08389525 0.57829425625 0.07090331250000001 0.574467809375 0.0377934640625 0.5809867859375 0.032840112500000004 0.6213038765625 0.0514373078125 0.6452505875 0.04061799375 0.667569365625 0.04522394375 0.7177378609375 0.095605725 0.7349951453125 0.12182855 0.7297458781249999 0.08830604843749999 0.7944098078125 0.064451296875 0.7913417171875 0.053610232812500005 0.8028802859375 0.055543903125 0.8419276703125 0.0612361625 0.9051687765624999 0.045302015625 0.95816175625 0.291801115625 0.9898653484375 0.3170770609375 0.8389216734374999 0.315643046875 0.784850171875 0.3307641046875 0.7932614234375001 0.3599631125 0.68708725625
3 0.8294265015625 0.747915634375 0.839008590625 0.7173963671875 0.8448820234375001 0.6695904046875001 0.8600176703125 0.6603306109375 0.864780184375 0.5171267578125 0.8449757359375001 0.4884311671875 0.8758870421875 0.44571320468750003 0.8719336390624999 0.420924046875 0.8907402484375 0.4102686515625 0.895484175 0.3716561453125 0.8670200890625 0.375466203125 0.8614288374999999 0.33552443125 0.8411914328125001 0.319847371875 0.8516959734375 0.29131449374999996 0.8453704765625 0.2288653421875 0.815513290625 0.22502524531249998 0.7969514281250001 0.24318310156249998 0.7903814453125 0.2871639875 0.7876706296875 0.3092282796875 0.7610514484374999 0.3170111125 0.73979761875 0.36657440937499997 0.7204826671875 0.3528837359375 0.7083402750000001 0.3662639984375 0.7129902296874999 0.3948782328125 0.72264770625 0.40172357031250006 0.7187696890625 0.414299015625 0.703615196875 0.41421765625000007 0.699774875 0.445475403125 0.7214053796875 0.46880261875 0.739760184375 0.4618246046875 0.7320230015625 0.4963166421875 0.7001892453125 0.5370482156249999 0.6980433109375 0.6114820265625001 0.6861833640625 0.6510470500000001 0.7029568609375 0.6569398734375 0.693450159375 0.7248237390625001 0.708416446875 0.7454260875000001 0.722403740625 0.7360185984375 0.7325318656250001 0.7485277031249999 0.7272044703125 0.8393620359374999 0.7554238062499999 0.8280495171875 0.7618055828125 0.8045896234375001 0.778786134375 0.799302603125 0.7839818640625 0.7570127125 0.7934134390625001 0.7656967406249999 0.8117305515625001 0.7400364234375 0.8294265015625 0.747915634375
3 0.4728149390625 1 0.47627297031250004 0.9629595609375 0.4613852578125 0.927958659375 0.484300259375 0.9096362390625 0.5028558296875001 0.7465922203125 0.488968384375 0.631367984375 0.5255085125 0.5982549125000001 0.5248414484375 0.555629834375 0.5255797234374999 0.48955256562500005 0.5074285640625 0.4210458234375 0.482988990625 0.40372275625 0.4959470515625 0.346307021875 0.4946844671875 0.29651546875 0.46557610625 0.269138746875 0.4400170296875 0.272941334375 0.4191744296875 0.31043664843749996 0.4065260515625 0.377345384375 0.343617028125 0.44487970781249997 0.3593384046875 0.46108148125000004 0.3702482421875 0.540473346875 0.37784694218750003 0.562720296875 0.3738690671875 0.6071112609375 0.38149161249999997 0.64117775 0.36674698437500003 0.677094059375 0.33818678125 0.7774056953125 0.312913540625 0.7788817531250001 0.3162008328125 0.8242071281250001 0.29154729218750003 0.9888301484375001 0.37479039687500004 1 0.4728149390625 1
5 0.8195413380700167 0.28715265434774373 0.07241256249917605 0.12194904160312507
5 0.9101623839301014 0.24471254084062574 0.06268300649282174 0.10141833605604171
5 0.973098760553307 0.22116724448784802 0.048347771103318136 0.08546602773541671
5 0.7011010296280302 0.22187053362243114 0.05451595048646744 0.08092399810013892
5 0.5296527236216758 0.23820078238816017 0.06112050649282175 0.10138196846486114
5 0.575128864855378 0.2298804425323963 0.06122960064862308 0.10763196846486114
5 0.21308678652788915 0.28476077896968766 0.08378643912238157 0.14720361474138902
5 0.35333963961214426 0.2645781783803475 0.07408415665497756 0.12823540919430557