5 0.2524292173301235 0.3813130342598822 0.11941789578060832 0.22135710085908258
5 0.43466167452605264 0.3697181942549334 0.1036088052100677 0.18312011646291476
5 0.09111288172198166 0.3305683265488231 0.10033825599585602 0.17983134215265534
5 0.6051047611676518 0.3253960634313818 0.08569355913900907 0.16659435775648762
3 0.5389195796874999 1 0.5427916546875 0.9770180296875 0.5764627328125 0.976251340625 0.5877636859375001 0.9300883796875 0.6095540421875 0.9000935921875 0.637421165625 0.8901079109375001 0.6384168906250001 0.8665373437499999 0.6660657 0.7639802671875 0.6489266515625001 0.7471134046875 0.6570835078124999 0.6920109296875 0.63894184375 0.6040131609375 0.6709215390625001 0.62028706875 0.684520896875 0.591583928125 0.6855166203125 0.5680133640625 0.6699803125 0.5620763515625 0.67336308125 0.5279951515625 0.6860281078125 0.5357827609375 0.7045243343750001 0.5118987203125 0.6997161046875 0.4791091625 0.6689163078125 0.47802525625000003 0.6592384546875001 0.39952595468749996 0.6349655234375 0.3733003640625 0.64692799375 0.27985653906249996 0.6254649515625 0.23886015781249997 0.60243330625 0.24074475624999997 0.58324141875 0.2580988328125 0.5653249609375 0.357373928125 0.5305081265625 0.3967614453125 0.50379365 0.4628277734375 0.5137443140625 0.5521171859375 0.49984489375 0.6109208578125 0.48328561406250004 0.669445053125 0.49477763281250003 0.7567441296874999 0.4736898296875 0.887970353125 0.5013182796875 0.9210053859375 0.50113559375 1 0.5389195796874999 1
3 0.2896427296875 1 0.31004713125 0.8578623437499999 0.30735313125 0.8037720374999999 0.3226780125 0.8118391218750001 0.34941974062500003 0.70488215625 0.37317429375 0.66863688125 0.3673089484375 0.6464976984375 0.364676340625 0.60532758125 0.34145363125 0.4737501421875 0.29324196874999997 0.445009259375 0.30369723125000003 0.4073666 0.309705715625 0.3197540484375 0.2773918171875 0.279769834375 0.2510046546875 0.27484499218749997 0.20799681875 0.3155241546875 0.1993284734375 0.40285723124999995 0.2053166015625 0.4508367921875 0.181316484375 0.4354013109375 0.0706733203125 0.6024158546875 0.05758545 0.59888839375 0.02461003125 0.60618505 0.02059299375 0.646656475 0.0397576328125 0.6701930390624999 0.0294524015625 0.692785434375 0.0352291078125 0.7428950671875 0.0860392359375 0.7589952375 0.112153584375 0.7531299671875 0.080119390625 0.818637340625 0.0561806625 0.81612205 0.045602618750000004 0.8279243328125 0.0484466515625 0.8669643734375001 0.0556146765625 0.9301339343749999 0.040906276562499996 0.98354931875 0.19747201875 1 0.2896427296875 1
3 0.8205462234375 0.754831840625 0.8294226015625 0.7240598625 0.8341858015625 0.6760708953125001 0.8491137515625 0.6664495328125 0.850543796875 0.5229964359375 0.830060678125 0.49473453125000005 0.8599933890625 0.4512551546875 0.8554606124999999 0.426534165625 0.8740289499999999 0.4154303265625 0.87787615 0.376670009375 0.84948585 0.381146896875 0.8429614859375001 0.3412968171875 0.8223483625 0.3260761046875 0.8321939390624999 0.297270940625 0.8244107875 0.234908853125 0.7944484953125001 0.231760653125 0.7762997515625 0.25036849375000003 0.7707505578125 0.294544915625 0.7685521578125 0.31669366875 0.742100246875 0.3251041875 0.7219895000000001 0.3752105109375 0.702345575 0.3619566109375 0.6905084125000001 0.3756326859375 0.695827184375 0.4041662203125 0.705649146875 0.41079317031249996 0.7020619546875 0.42347110624999995 0.686897609375 0.4237427359375 0.6837832078125 0.45512013749999997 0.705968321875 0.47796593749999994 0.7241702609375 0.470553559375 0.7172322734375001 0.505259165625 0.68633036875 0.5467717265625 0.68591674375 0.6213274140625 0.6749719703125 0.6612069546875 0.6918915078125 0.66671468125 0.6839607125 0.7348855859375 0.6994146515625 0.75515915 0.71319020625 0.7454167046875 0.7236149640625 0.7577019265625 0.7204001453125 0.8487480921874999 0.7483708499999999 0.8367672015625001 0.7542096375 0.813135975 0.7710759796875 0.8074482390625001 0.775289578125 0.7649964609375 0.78492834375 0.7734691406249999 0.8026574875 0.7473572984375 0.8205462234375 0.754831840625
3 0.4706992171875 1 0.47221525781249996 0.978311109375 0.45650461875000004 0.9436232578125001 0.47900495625 0.9247492765624999 0.49377325625 0.7611155046875 0.4771951453125 0.6461035468749999 0.5129833125000001 0.6121071953125 0.5113232359375 0.5694564953125 0.5105230734374999 0.503298215625 0.4907669796875 0.4351482015625 0.4659111484375 0.41837779218750004 0.47753890312499997 0.36060471875 0.47511609374999997 0.310794496875 0.44535489375 0.28406949843749996 0.41987094999999997 0.288471225 0.3998906078125 0.32648833125 0.38879377656249997 0.3937563609375 0.3274244796875 0.46282154062499997 0.34353142187499996 0.4786726859375 0.3562958875 0.5578870421875 0.36441667031249997 0.5799784453125 0.361470496875 0.6245049515625001 0.3698903921875 0.6584267484375 0.35597445156249996 0.694721259375 0.32973533593750004 0.795795153125 0.3044831984375 0.7978614453125 0.3088277671875 0.8431540046875 0.289067259375 1 0.4706992171875 1
5 0.8000384255595099 0.2933216270899061 0.0710830955329392 0.12062676051544959
5 0.8897944383797916 0.2494698077771722 0.06076202564056317 0.09982293758467105
5 0.9528595186112497 0.2237981004047974 0.046044554176610575 0.08502345318850332
5 0.6799656741117678 0.23142473541222058 0.05207623035529281 0.08066350180902235
5 0.5090880938803094 0.2514462290806425 0.05919952564056317 0.09974105042954129
5 0.5533839034336034 0.24202031942427554 0.059563398676092484 0.10755355042954129
5 0.19253198656054588 0.30534035447712726 0.08162248924663303 0.14611808344622812
5 0.3330135913991101 0.28215956128367514 0.07137419396136276 0.12687676051544958