5 0.26328125 0.3796875 0.09921875 0.2109375
5 0.44296875 0.34921875 0.08671875 0.1734375
5 0.09765625 0.34609375 0.08359375 0.17109375
5 0.6078125 0.28671875 0.0703125 0.15859375
3 0.60609595625 1 0.6101009953125 0.9411040406250001 0.6434763234374999 0.9368262968750001 0.6501513890624999 0.88977109375 0.668841571875 0.8576880015624999 0.695541834375 0.844854765625 0.694206821875 0.8213271625 0.7115619921875 0.7165223953125001 0.6928718093749999 0.7015502859375 0.695541834375 0.6459395921875 0.668841571875 0.5603846796874999 0.7022169015624999 0.573217915625 0.71289700625 0.5432736968749999 0.7115619921875 0.519746096875 0.695541834375 0.51546835 0.695541834375 0.481246384375 0.7088919671875 0.48766300312500005 0.7249121234375 0.4619965296875 0.7169020453125 0.42991343593750003 0.68619674375 0.43205230937500005 0.668841571875 0.35505288749999997 0.6421413109375 0.3315252875 0.6448113359375001 0.237414884375 0.6194460875 0.19891517187500002 0.5967508640625 0.20319291874999998 0.57939569375 0.2224427734375 0.571385615625 0.32296979531250003 0.5406803140625 0.3657472515625 0.5206551171875 0.4341911828125 0.5393453 0.5218849671875 0.531335221875 0.5817734078125001 0.5206551171875 0.641661846875 0.5406803140625 0.727216759375 0.532670234375 0.8598268750000001 0.5633755359375 0.88977109375 0.5740556421874999 1 0.60609595625 1
3 0.36045354218750003 1 0.3671286078125 0.8469936375 0.3591185296875 0.7935218171875 0.3751386859375 0.7999384359375 0.39115884375 0.690855921875 0.41118404062499997 0.6523562109375 0.4031739609375 0.63096748125 0.396498896875 0.5903288984375 0.36045354218750003 0.4619965296875 0.30972304375 0.438468928125 0.316398109375 0.3999692171875 0.31372808281250003 0.31227543281250003 0.2776827296875 0.27591459375 0.2509824671875 0.2737757203125 0.2122670859375 0.31869205 0.2122670859375 0.4063858359375 0.222947190625 0.4534410390625 0.1975819421875 0.4406078015625 0.1041310234375 0.6181342453124999 0.09078089218749999 0.615995371875 0.058740578125 0.6266897375 0.058740578125 0.6673283203125 0.0801007875 0.6887170484375 0.0720907078125 0.7122446499999999 0.0827708140625 0.761438725 0.134836325 0.7721330875 0.1602015734375 0.763577596875 0.134836325 0.8320215281250001 0.1108060890625 0.8320215281250001 0.10146099687500001 0.844854765625 0.1081360625 0.883354475 0.12148619375 0.9453817875 0.11214110156249998 1 0.36045354218750003 1
3 0.8201719421875 0.7487545359375 0.8201719421875 0.706127421875 0.8305831515625 0.7135408328125 0.845621565625 0.685740540625 0.8641303828125 0.6913006 0.8699143875 0.6597936015625 0.8699143875 0.611606428125 0.883796 0.6004863109375 0.8710711890624999 0.45777814375 0.8479351671875 0.43183120625000004 0.8733847906250001 0.385497384375 0.8664439843749999 0.3614037984375 0.883796 0.34843032812499997 0.883796 0.3095099203125 0.8560327750000001 0.31692333125 0.845621565625 0.27800292187500003 0.8236423453124999 0.26502945312500004 0.8305831515625 0.23537580781249998 0.8167015390625 0.17421516406249998 0.7866247125 0.17421516406249998 0.7704294968750001 0.1946020453125 0.769272696875 0.2390825125 0.769272696875 0.261322746875 0.7438230734375 0.27244286406249996 0.728784659375 0.32433674218749997 0.707962240625 0.313216625 0.69755103125 0.32804344687500003 0.7056486390625001 0.3558437390625 0.7160598484375 0.3614037984375 0.7137462453125 0.37437726875 0.6987078328125 0.3762306203125 0.6987078328125 0.40773761875 0.7230006546875 0.4281245 0.7403526703125001 0.41885773593750003 0.7368822671874999 0.4540714390625 0.7102758437500001 0.49855190625 0.7172166484375 0.57268601875 0.7102758437500001 0.61345978125 0.727627859375 0.6171664875 0.7264710578125 0.685740540625 0.7438230734375 0.70427406875 0.756547884375 0.6931539515625 0.7681158953125 0.70427406875 0.7738999015625 0.79508835625 0.800506325 0.780261534375 0.8039767281250001 0.7561679484375 0.8201719421875 0.7487545359375
3 0.363003146875 0.4666714296875 0.383495259375 0.5440591546875 0.3937413171875 0.565164896875 0.39520503906250004 0.6097214656250001 0.4069148171875 0.642552621875 0.39666876093750003 0.6800739421875 0.38056781562499997 0.783257575 0.355684534375 0.7879477406250001 0.36446686875 0.8325043093750001 0.3600757015625 0.9990051703124999 0.5415772750000001 1 0.540113553125 0.9497584375000001 0.5210851625 0.9169272812499999 0.5415772750000001 0.8958215375 0.540113553125 0.731665759375 0.5123028281249999 0.6191017953125 0.5445047203125 0.581580475 0.53864983125 0.5393689890625 0.53133121875 0.47370667656250004 0.5049842156250001 0.408044365625 0.4786372140625 0.39397387031250003 0.484492103125 0.33534680625 0.477173490625 0.28610007187500003 0.44497159843749995 0.262649246875 0.42008831874999997 0.26968449375 0.4039873734375 0.3095508984375 0.39959620625 0.3775582921875 0.345438478125 0.45260093437500004 0.363003146875 0.4666714296875
5 0.7984375 0.23515625 0.059375 0.11484375
5 0.8828125 0.18203125 0.0515625 0.09453125
5 0.94296875 0.15 0.03828125 0.08046875
5 0.67265625 0.1859375 0.0453125 0.07578125
5 0.5046875 0.2234375 0.05 0.09453125
5 0.5484375 0.209375 0.04921875 0.1015625
5 0.19609375 0.31015625 0.0671875 0.1390625
5 0.3328125 0.27265625 0.059375 0.1203125