3 0.5902590192030098 0.6667914365686183 0.2567274328507061 0.48432184757972224
3 0.7508821373015181 0.4938818017883377 0.08117569863085591 0.15549308344622811
3 0.6902046224727705 0.5672241265281385 0.12944605536065765 0.26872342378986114
6 0.55355880973492 0.4769377204898161 0.0352318458553869 0.0610946302577247
5 0.6671583947158919 0.4631884017429092 0.02815417490485981 0.04045458163720568
6 0.6878674841454882 0.4332585623037873 0.023148339923887918 0.032396420171816584
3 0.7728818127006696 0.45141101877165096 0.05990819368794007 0.1309910504295413
5 0.7591031555903068 0.40691739032294844 0.014953837946721471 0.022611984396167805
5 0.7125146570731816 0.402342754976841 0.013327670950527093 0.020967597241038048
6 0.13226342437338717 0.35089635741780334 0.20166856524648952 0.31928334577069994
5 0.7525520666550023 0.43376649536590256 0.019832338935304606 0.027545145861557076
5 0.7393026501530994 0.4336812861845054 0.014953837946721471 0.022611984396167628