3 0.6109003938163665 0.7012059033072913 0.1861359736759482 0.4570890674386806
3 0.7841965061600857 0.5587787479127077 0.05819942431676957 0.14654899810013902
3 0.7183557405509892 0.6212982381290619 0.08858138347992953 0.2565422471502085
6 0.5899628673226787 0.5046582116279161 0.026964293283910833 0.056831881458888844
5 0.7036260632389947 0.5129590612673258 0.02312996515360961 0.03644664627652787
6 0.7269445121505356 0.4866141136040271 0.01816964664195524 0.028525043502986236
3 0.8094494773041452 0.5206604988626382 0.040248032484137754 0.12427395459715278
5 0.7992188162342196 0.47398552061413124 0.011646828130301223 0.020567073138263937
5 0.7541692110620765 0.46017824696277715 0.011592264427970279 0.019004573138263935
6 0.18407742195451687 0.3006506973789582 0.1555159123358701 0.2955696859797918
5 0.7899355854715132 0.49922190995680493 0.016498019237293705 0.02536367591180557
5 0.7773264580668515 0.49638785068624935 0.011646828130301046 0.020567073138263937