3 0.6292736318949159 0.6440610129840112 0.11592855762791228 0.2865829154946528
6 0.6162087958567894 0.5222496454975685 0.0194045649348082 0.037609084308955334
3 0.8184355434211575 0.6038940343558377 0.09967626623205428 0.2505545119038567
3 0.7608315491032003 0.5714133324622437 0.06884327759614006 0.18475679508134402
3 0.6733860961811009 0.5750473925707023 0.05248189204448099 0.14247839149054772
5 0.6692792487788888 0.5188155732888615 0.016061376623205347 0.025090903590796288
6 0.8197195795420095 0.49840710363767843 0.024092064934808022 0.037636355386194253
5 0.7509013956946337 0.4949008294371816 0.016088650162155816 0.02665340359079611
6 0.7672940089251584 0.49402413066684564 0.016088650162155816 0.026653403590796286
5 0.3819604809219812 0.4861086541799714 0.08326824188232518 0.11609769867214012
6 0.43671221062944177 0.5342325367917246 0.033876168019063256 0.0611283975406721
6 0.46560482385996665 0.5332831151487516 0.030832988635914306 0.0657977168225127
6 0.7945286647693571 0.4876150493829523 0.020857970779006862 0.03136817466803503