3 0.5960617114402207 0.6593309464325727 0.1441899253226639 0.2961773449665802
6 0.6087781254020942 0.5371968478125446 0.022529564934808198 0.037881829545304765
3 0.7898117114402207 0.6559490276027307 0.12319558684890541 0.25676028896022596
3 0.7398429391190863 0.6138393940796665 0.08767509821299128 0.1905352711033185
3 0.6536327037295828 0.5997144387219351 0.06659893912238175 0.14643071509696384
5 0.6612582430968459 0.5440956842577082 0.019213650162155815 0.02688978246740419
6 0.8130389314084485 0.5539501509795253 0.02724433847375849 0.03952615016215581
5 0.7470866489410446 0.5363456396154396 0.019240923701106284 0.028452282467404187
6 0.7635474460189451 0.5391842674564609 0.019240923701106284 0.028452282467404187
5 0.38697921752930065 0.4558861668045425 0.09431483603812651 0.12348413879807012
6 0.43097072523993846 0.5137298944834082 0.04018071509696384 0.06474433847375849
6 0.4591775458567894 0.5179264707823021 0.03713753571381488 0.06937729139585791
6 0.79087755924947 0.5379257305248301 0.024010244317957154 0.03322160308425524