3 0.61015625 0.65390625 0.09609375 0.28203125
6 0.60546875 0.53125 0.01640625 0.0359375
3 0.8015625 0.62421875 0.08203125 0.2453125
3 0.74609375 0.5890625 0.05625 0.18203125
3 0.65859375 0.5875 0.0421875 0.13984375
5 0.65859375 0.53125 0.01484375 0.02421875
6 0.81015625 0.51953125 0.021875 0.0359375
5 0.7421875 0.51171875 0.0140625 0.0265625
6 0.75859375 0.51171875 0.01484375 0.0265625
5 0.37421875 0.48203125 0.075 0.11171875
6 0.42578125 0.5328125 0.03046875 0.06015625
6 0.4546875 0.53359375 0.0265625 0.06484375
6 0.7859375 0.50703125 0.01953125 0.0296875