3 0.6188253272768727 0.6413809367191072 0.20415325233769116 0.45940712303236386
3 0.8181299148072817 0.5078643243304052 0.14064422247985356 0.2815991972858944
3 0.7591589149054776 0.44711784846772024 0.058557909444528634 0.13216764381548424
3 0.6987259298343964 0.538097763570528 0.09651242739850954 0.21291489926336576
6 0.5974265293668582 0.4560825750867098 0.031586343285945874 0.05999771287323483
5 0.6654634570599554 0.4630484870874244 0.02522725897699054 0.04081067029858776
5 0.7886055203898679 0.4036356462381473 0.023646578258831142 0.03757640965492608
5 0.82761802341493 0.3923103801466039 0.03147725897699054 0.04124771287323474
6 0.3818106197259379 0.47272304391202924 0.06308178298109546 0.1043704257464693
6 0.4302344841873184 0.4669922139585155 0.060029505853732526 0.11665190445914586
6 0.8588089360809125 0.37996891727336923 0.020494307181592574 0.0326703883676025
6 0.8877879089535494 0.3904475953656271 0.025272710772388508 0.04862317029858776