3 0.6276972001621066 0.6571631415836088 0.1780438407754284 0.44448808451458144
3 0.8348311499144374 0.5451580876061256 0.12479890860089 0.2712718275747511
3 0.7792489298982268 0.47898117751937785 0.051134468568468705 0.12790375693983033
3 0.7134291848606257 0.5631244424787727 0.08438792431665547 0.2063687183831675
6 0.6174017473094036 0.469763271133258 0.029182385855810723 0.05795220234403846
5 0.6846812925946739 0.48425776527316183 0.02198631596343468 0.03723918414544123
5 0.8118045647205804 0.4377158274270928 0.021913541356328635 0.03567668414544123
5 0.8514663782028158 0.43125627391103516 0.028309090570540717 0.03920220234403846
6 0.4023204028099216 0.46160601943521495 0.057637025640563166 0.10027940468807692
6 0.45012220202413344 0.4616770681709106 0.05345894789030403 0.11091651603912886
6 0.8823888924708395 0.42222243291804873 0.01857021753501158 0.030788925046142522
6 0.911241638541898 0.436045101024361 0.023985463606069856 0.04671431369509058