3 0.58203125 0.70625 0.14921875 0.4390625
3 0.68203125 0.6265625 0.0609375 0.22890625
3 0.81171875 0.5984375 0.1140625 0.23828125
3 0.71953125 0.56328125 0.04921875 0.153125
6 0.57734375 0.51484375 0.02421875 0.05625
5 0.678125 0.52734375 0.021875 0.03125
5 0.8375 0.49921875 0.03046875 0.0390625
5 0.79921875 0.5 0.01953125 0.03125
6 0.34921875 0.43671875 0.07265625 0.2015625
6 0.28359375 0.43984375 0.08203125 0.1734375
6 0.71484375 0.496875 0.01328125 0.0203125
5 0.8125 0.47109375 0.009375 0.01484375
5 0.82109375 0.46796875 0.00859375 0.015625