3 0.5859572480162655 0.6681067879860901 0.22530760108060993 0.46478137749004844
3 0.6767037883049514 0.5715726861992042 0.10042661905195924 0.2396938527754692
3 0.8033134175237115 0.5203855765036529 0.1556597560752678 0.2575471976422728
3 0.7079835593563436 0.5024260967696079 0.07582343393541642 0.16067751482874754
6 0.561309455998299 0.480317627909978 0.033323420688572546 0.06064833992388792
5 0.6629265197006299 0.4746167731573426 0.027762901451278844 0.0354573389353046
5 0.8185788081752172 0.41834557403219497 0.037410719962933214 0.043651840912470916
5 0.7800793033658938 0.4261554154389575 0.024637901451278844 0.03533000494291585
6 0.3261730533658938 0.44465067783342827 0.10731153611233468 0.21344968775644108
6 0.26092007559841235 0.45901160817549547 0.11107145317271012 0.18707818874502422
6 0.6961854530030741 0.43815534973535747 0.01638889183263199 0.02251166996194396
5 0.7905182955613455 0.3953046634617912 0.011483137023308564 0.016070668973360736
5 0.7984944866683381 0.3902988284808192 0.011537700725639333 0.017633168973360737