3 0.5736371339333967 0.6671389188815047 0.16396841152294622 0.45220045496493205
3 0.6734928579588143 0.5795807572535974 0.06963421022569989 0.2338929410852714
3 0.8029309419683459 0.5408513194075283 0.12295012499835245 0.2482348457733483
3 0.7105485730557783 0.513215277611663 0.05426258035608367 0.15799177513842758
6 0.5683843924548133 0.4762833814045758 0.02598184740221221 0.05785207279438911
5 0.669755977682161 0.48071246067736995 0.022420470779006864 0.032651813695090584
5 0.8288951984611677 0.43929931138796385 0.03193183847375849 0.041065090992986344
5 0.7905866749222173 0.4433149853543723 0.020857970779006862 0.032551684145441226
6 0.34077363555495443 0.4167336104282014 0.08010806006354425 0.2080313479328167
6 0.2750668149381035 0.42562655151347284 0.08742963636243814 0.1804069956810633
6 0.7062389484611677 0.44715948103543557 0.014417056006354479 0.021213665946843818
5 0.8035912353927988 0.41360769895717764 0.009647735389503254 0.016225777297895937
5 0.8122395324706992 0.4099319864341064 0.009647735389503254 0.016225777297895937