6 0.3929370992600488 0.5189215818643484 0.04936474801081765 0.08222600180902226
6 0.42899277792809426 0.506881927296364 0.041479522676635835 0.07556656603337367
3 0.5958973725732315 0.6566318645423509 0.2113225920591791 0.4467466044771271
3 0.6737416565881855 0.542463143940993 0.08644767202418073 0.1825469063770065
3 0.7772393739258671 0.5050273417024295 0.11500902402927142 0.22152087516934213
6 0.5714348165977304 0.47755519617955666 0.031886346674090585 0.056325243102594943
5 0.6597251572645032 0.47214732191472564 0.01905908267027261 0.027545145861557076
5 0.7547291219366847 0.4265681490293757 0.020676126670909057 0.03231453301668665
6 0.7829268472708665 0.41884418023704023 0.02699885200509069 0.03889208163720572
3 0.8403842639242761 0.5134296619196744 0.12789083203372575 0.25498847241038014
6 0.8477887786044119 0.4138833632991554 0.03177725867281787 0.04695024310259508
5 0.17425128126991202 0.45777047716007857 0.19347946936663485 0.2553027329258297