6 0.41372774953666386 0.5296436108471433 0.04173612141421188 0.07678975897699054
6 0.45025552657850587 0.5243884842855143 0.035322430307219224 0.0720658975406721
3 0.6049132886442233 0.703377068398078 0.17259926333166184 0.4243556262670413
3 0.6904837116950486 0.6038952188656161 0.07011907095872498 0.17381020472226433
3 0.796051665415913 0.5849821132830302 0.09481153611233477 0.20988406010845856
6 0.5938418354715133 0.5205372973208391 0.028363102176918176 0.05171703610435365
5 0.6816964995366639 0.5312026074292977 0.018060519237293703 0.02509999394987581
5 0.779905821043543 0.5028735952308534 0.01822421034428636 0.029787493949875808
6 0.8079216936388812 0.4999122216942865 0.02469246515360979 0.03607385538619425
3 0.8584524616950487 0.604872432466675 0.10522324645662096 0.2396261022629364
6 0.8729836984482049 0.5065394715960907 0.02803571996293286 0.04234203610435348
5 0.2016692044386545 0.4292112979100143 0.17208336424263582 0.2306419877033598