3 0.58828125 0.6984375 0.14296875 0.4296875
3 0.803125 0.6078125 0.103125 0.26015625
3 0.75390625 0.5359375 0.04140625 0.12421875
3 0.68125 0.61328125 0.06796875 0.19921875
6 0.59375 0.5109375 0.02421875 0.0546875
5 0.659375 0.53203125 0.01953125 0.0359375
5 0.7890625 0.4984375 0.01953125 0.03359375
5 0.82890625 0.49609375 0.02578125 0.0359375
6 0.38046875 0.48203125 0.04921875 0.09453125
6 0.428125 0.48671875 0.04453125 0.10703125
6 0.8609375 0.48984375 0.01640625 0.02890625
6 0.88828125 0.50625 0.01953125 0.0453125