3 0.38203125 0.5404496414373822 0.08125 0.20222177956950455
3 0.44609375 0.5512459003287222 0.05 0.11951628742738744
3 0.50625 0.5681102227022978 0.0890625 0.16039815260503384
5 0.3984375 0.4623075248119937 0.01875 0.03524829528527036
5 0.51875 0.5069736695591447 0.015625 0.025727746071058634
5 0.453125 0.5046983860606986 0.0125 0.022457196856846905
5 0.203125 0.4125856989237615 0.0203125 0.043133569892376086
5 0.1578125 0.49953773531769163 0.034375 0.04847604135632899
6 0.0953125 0.4606892510334573 0.03125 0.05145549214211709
6 0.29765625 0.4662073126536658 0.0171875 0.02892552067816432
6 0.2984375 0.4881186999572188 0.0125 0.024019696856846906
6 0.315625 0.4686067206353831 0.0125 0.024019696856846906
5 0.35078125 0.46477539929526496 0.01875 0.030560795285270358