3 0.41484375 0.5396338754086847 0.1390625 0.25242734496658026
3 0.5171875 0.5276912086074375 0.04375 0.12420115909060954
3 0.4828125 0.528291226464345 0.0328125 0.08026024431795697
5 0.41171875 0.4389071724865854 0.028125 0.0411159237011061
5 0.5109375 0.4762378027632388 0.0109375 0.018940914772652383
5 0.48046875 0.4970821367727705 0.009375 0.014226141233702094
5 0.1671875 0.5845817313323136 0.034375 0.050600017856907445
5 0.18515625 0.4827055856343847 0.021875 0.04256932954530477
6 0.0890625 0.5586016582798307 0.0296875 0.0489556972400564
6 0.2921875 0.5019310982162863 0.0171875 0.02686250892845372
6 0.31015625 0.4984924525183575 0.0125 0.022093188311602674
5 0.33828125 0.4831577788172514 0.0171875 0.02998750892845372
6 0.30625 0.5298106363657334 0.0125 0.023655688311602675