3 0.3656747786821719 0.5307956270269473 0.1908786304725 0.34825804220663664
5 0.37281904533960974 0.3865507491859258 0.03455427513842757 0.05210797077900686
3 0.5289758150793664 0.5461320750777826 0.050738084514581415 0.15852161201270895
5 0.5294078092192703 0.4798076456946336 0.012539572794389109 0.025190914772652385
3 0.49415023210594455 0.5385008072208752 0.03579540252860873 0.0958306972400564
5 0.4940408081395361 0.5002604675293008 0.008913925046142523 0.017323867694751627
3 0.5751196298541912 0.5477178944768177 0.03130816162790726 0.09887387662320535
3 0.5546068707548925 0.5442383384704632 0.022554922886674333 0.059702282467404014
5 0.1933189173311199 0.5324694009729347 0.0311288864894796 0.04736592370110611
5 0.222116940928388 0.4338643055993173 0.0241779796419344 0.03631932954530477
6 0.10760266039128955 0.48571140340856667 0.027903756939830326 0.04574887662320535
5 0.5778848820136595 0.5056258518631438 0.008713665946843818 0.014198867694751626