3 0.3870873264372815 0.5517860113607904 0.13190725576575116 0.3722761948044244
5 0.38824479195025663 0.39541328043551394 0.031072937584671046 0.0567409237011061
3 0.1538244470840678 0.5563160040571897 0.09616675033868427 0.22647277110331832
5 0.17514392639185297 0.46285237621616837 0.02540279172311406 0.03790910308425506
3 0.4495430608334493 0.538800816149329 0.023833647670579338 0.0675420560063543
3 0.47067775441101406 0.5383877589251584 0.02317855042954129 0.05504205600635448
3 0.5120840044110141 0.5391105077073425 0.032785923789861116 0.11921365016215582
3 0.48552150441101405 0.5386468575451866 0.01471095318850324 0.04240568831160267
3 0.3482295443251059 0.547197922887032 0.03788950361804462 0.09744774431795715
5 0.3087409984181203 0.48004165056589765 0.018579581637205855 0.02686250892845372
6 0.2839080947546472 0.49133766071216733 0.0122476944820761 0.025190914772652385
6 0.26655682044438767 0.4941626517837136 0.017017081637205854 0.026835235389503255
6 0.2715785131174414 0.517709245939515 0.012083920171816498 0.022065914772652385
5 0.34871422320334966 0.5081081493480817 0.010275758706427319 0.017351141233702093