3 0.0734375 0.54375 0.146875 0.55625
3 0.3890625 0.54296875 0.0625 0.209375
3 0.5234375 0.54296875 0.046875 0.10703125
5 0.07265625 0.3140625 0.0453125 0.09140625
5 0.38828125 0.45625 0.01640625 0.03359375
5 0.521875 0.49765625 0.009375 0.01640625
3 0.1859375 0.54296875 0.07734375 0.2203125
5 0.1609375 0.54921875 0.02734375 0.04296875
5 0.1921875 0.45390625 0.0171875 0.0390625
5 0.34375 0.47578125 0.01484375 0.02890625
6 0.29375 0.48671875 0.0140625 0.02578125
6 0.3109375 0.4859375 0.00859375 0.02265625