3 0.33429564842443477 0.5566723344132735 0.19895669222923243 0.3612489659077429
5 0.3296723018188392 0.41126437702694724 0.03624657220870695 0.05375229139585773
3 0.49765416647661154 0.546241169233584 0.05561471662612103 0.1603295738632619
5 0.49256721155795546 0.48052071184725775 0.012645445745273954 0.025218188311602673
3 0.46172121165615126 0.5448326278377261 0.03806360226293641 0.0975295649348082
5 0.458818925453602 0.5064968307598254 0.00947499394987581 0.017351141233702093
3 0.54300302791293 0.5407821018631438 0.03495678298109546 0.10060001785690745
3 0.5226905279129299 0.5404275458567894 0.023792024004105093 0.06134660308425506
5 0.1653638412428424 0.5849767922066367 0.03153180113146816 0.04898297077900686
5 0.18470925976255734 0.4829603246740408 0.02521816861791084 0.03793637662320535
6 0.07648314842443475 0.5521722004864673 0.02996021077238853 0.047393197240056396
5 0.5424672176080796 0.49858096509366867 0.009456813231716588 0.014226141233702094