3 0.25415658339873015 0.514577148540598 0.15810463433580227 0.3885012126613319
3 0.42568224241164565 0.5264344460255358 0.07076244404836292 0.1777079886359143
3 0.5377192411580044 0.5354218879905864 0.06439277210332381 0.11981366801906326
5 0.2683374406831507 0.35721861607319394 0.036239028371529966 0.06466251785690744
5 0.4306448755603136 0.4552179651002592 0.01805131802583091 0.02998750892845372
5 0.5402161038527012 0.4869162041432106 0.011483069279472246 0.018940914772652383
5 0.21006795110799192 0.42311239732278205 0.019932066772189748 0.04095228246740419
5 0.17288385134541878 0.5152141225660156 0.032613923198680436 0.047420470779006865
6 0.10788933715965383 0.4843010876629796 0.02953438730530311 0.0489284237011061
6 0.30817048198680436 0.46360893790786084 0.016397889812585564 0.026835235389503255
5 0.3595283935070023 0.4556776611224997 0.01805131802583091 0.02998750892845372
6 0.32692048198680435 0.46328165544045685 0.01161946159934022 0.023628414772652383
5 0.5657389410788621 0.5044485775200052 0.008267141066226813 0.015761367694751626