3 0.4403148624870501 0.529971412510389 0.15070643713693724 0.2556663626613009
3 0.5421855775408619 0.5156449742596564 0.04949919396136267 0.12522017589344295
3 0.507810577540862 0.5170456481759331 0.03652400496239885 0.08102450692008212
5 0.43249590032872226 0.4293174965027779 0.03001713978475227 0.04177100593149916
5 0.5335340155063687 0.4643371422444339 0.011810795285270358 0.019195668973360825
5 0.5040113353987449 0.48589114867022454 0.010029971463952592 0.014444501977166268
5 0.19455075227180235 0.5806876314072001 0.036703787427387446 0.051400673916276673
5 0.20778915280992166 0.4783929609509646 0.02383991439185813 0.043078837946721474
6 0.11515219664744987 0.5565272312169197 0.031943512820281586 0.04964717292769336
6 0.3158028600058507 0.4951255217116488 0.018424668320799586 0.027262836958138338
6 0.33362606079163903 0.4912683512554133 0.013518844499482086 0.022384335969555202
5 0.36105970202413334 0.4752785953239142 0.018570217535011223 0.030387836958138337
6 0.3311753029337562 0.5226775187458992 0.01359161910658786 0.023946835969555026