3 0.41015625 0.5359375 0.11015625 0.23828125
3 0.5125 0.53828125 0.0296875 0.12109375
3 0.478125 0.534375 0.02421875 0.07734375
5 0.41875 0.4359375 0.02421875 0.0375
5 0.5125 0.48671875 0.00859375 0.0171875
5 0.4796875 0.503125 0.00703125 0.01328125
5 0.159375 0.54609375 0.028125 0.04765625
5 0.1890625 0.44765625 0.01640625 0.040625
6 0.08515625 0.509375 0.025 0.04609375
6 0.29296875 0.48203125 0.0140625 0.02578125
6 0.3109375 0.48046875 0.009375 0.02109375
5 0.340625 0.46953125 0.0140625 0.028125
6 0.303125 0.5109375 0.009375 0.02265625