3 0.1046874157608024 0.5542088395630465 0.18087810153645117 0.564667679126093
3 0.4183814235627185 0.5581448937315485 0.07667976594251655 0.2132291754978958
3 0.5526335928300239 0.5604936221320022 0.05408771370395282 0.10950397477225646
5 0.0864000039567289 0.32430308475372305 0.05170634215265535 0.0938244110699257
5 0.4115338800305821 0.47212554817805225 0.018989017412854636 0.03497520072563951
5 0.547956058908826 0.5158805265785058 0.01027575870642714 0.017514882213985138
3 0.2154611414505429 0.5549578624285372 0.09287797602842476 0.22471231252120455
5 0.19082963364862676 0.5611160931912436 0.030417840343633085 0.04473214664195542
5 0.21548107360814708 0.4660590535355299 0.019234678878243726 0.03966270072563951
5 0.36802621946970404 0.4901017326616229 0.017180855947465278 0.030233137023308564
6 0.31946256671074214 0.5008829760382009 0.015454581637205856 0.02705357332097762
6 0.33656817955561236 0.49992067676384033 0.010603307326946343 0.023764882213984963