3 0.12561137851581267 0.6105476960136812 0.22486462060714732 0.5742203920273624
3 0.41969961813568935 0.564774308720543 0.10259971247102051 0.21827838001272665
3 0.5516526136870651 0.5452259720719057 0.06708402372599612 0.11322725334181775
5 0.06481716406762592 0.3833852120066815 0.06332235376405229 0.09756589067472685
5 0.40213543334499774 0.4786731767186339 0.02333934091247092 0.03619203866963616
5 0.541244354295525 0.5005947247374058 0.013200336958138336 0.01733295066836362
3 0.22097295805957717 0.593697098026726 0.12029654844057554 0.23097837468172672
5 0.19716804353484071 0.6035715373567717 0.03628500988583179 0.047274989337999784
5 0.20953143927649687 0.5045436913589988 0.025092841901054187 0.0408977200031817
5 0.3625927722803025 0.5047629620464524 0.02002333992388783 0.03146817600254544
6 0.3157005262346352 0.5229584313733163 0.018333505931498982 0.028324994668999893
6 0.3319476087441492 0.5192430853755435 0.01345500494291585 0.023582950668363623