3 0.4233933999793408 0.5375470144379395 0.10858275151861144 0.3693317829810955
5 0.429131640861285 0.3813515565924172 0.027835365691319502 0.054842036104353474
3 0.19099847406753515 0.5205720961146163 0.08172669794763907 0.2223204275949012
5 0.21543346998347257 0.4293203822189698 0.022747822188333357 0.037627265027114734
3 0.48651099581902824 0.530883923980664 0.018714938829583437 0.06572499394987581
3 0.5076411134102088 0.532569143828239 0.019986498100139017 0.053234084308955334
3 0.5491382823881602 0.5367162883438488 0.02460256933854179 0.11731476502711473
3 0.5225030472057991 0.5334367522394953 0.011919424961875081 0.04225113251355737
3 0.385711562023438 0.5295163458200286 0.03190592306201392 0.0954852168225127
5 0.3481375204203129 0.4589947675611974 0.017805749050069507 0.02666249394987581
6 0.32257447596739625 0.4682197766363837 0.011519381458888844 0.025063632513557366
6 0.30542334355857675 0.46968228268650797 0.014680749050069507 0.026644313231716586
6 0.30987510742628516 0.49314250858420705 0.011446646276527783 0.021938632513557366
5 0.386364872243924 0.49046293617910824 0.009775043502986058 0.017242042154477666