3 0.4125 0.53828125 0.0875 0.365625
5 0.41640625 0.38203125 0.025 0.05390625
3 0.1796875 0.53046875 0.06875 0.2203125
5 0.203125 0.43828125 0.0203125 0.03671875
3 0.475 0.52890625 0.015625 0.065625
3 0.49609375 0.5296875 0.01640625 0.053125
3 0.5375 0.53203125 0.01796875 0.1171875
3 0.5109375 0.53046875 0.01015625 0.04140625
3 0.37421875 0.53203125 0.02578125 0.09453125
5 0.3359375 0.4625 0.015625 0.02578125
6 0.3109375 0.47265625 0.009375 0.02421875
6 0.29375 0.475 0.01328125 0.02578125
6 0.2984375 0.4984375 0.01015625 0.021875
5 0.375 0.49296875 0.00859375 0.01640625