3 0.3858759510098312 0.5087327212590649 0.07614538524403178 0.20036818114108107
3 0.4499702672666098 0.5112177123677248 0.045994276930971266 0.11929796360606985
3 0.5109804901392467 0.5208795026905964 0.08527494554888211 0.15861732878371626
5 0.3986935926967707 0.4284266370986652 0.01738748789975162 0.03517552067816432
5 0.5207776709556018 0.4586877177444083 0.015770445745273774 0.025727746071058634
5 0.45595210167376105 0.46483286393930134 0.011064765027114731 0.02238442224974104
5 0.20240439997655887 0.4039661002904502 0.02054884933607006 0.04157106989237609
5 0.16074868598271652 0.4973372646823083 0.033085210772388504 0.04840326674922295
6 0.09726744808296492 0.46590963627009563 0.029978391490547773 0.051382717535011224
6 0.2987663155694076 0.44558421195344006 0.017342036104353475 0.027363020678164318
6 0.3004560805965223 0.4673864373463342 0.012636355386194254 0.024019696856846906
6 0.31674415592848726 0.44630980397172265 0.011073855386194254 0.023946922249741043
5 0.351859499312629 0.4376411253118409 0.017360216822512698 0.030488020678164317