3 0.3328125 0.53046875 0.15703125 0.340625
5 0.34453125 0.3859375 0.0296875 0.05
3 0.49609375 0.5375 0.0359375 0.15625
5 0.4984375 0.47109375 0.01015625 0.02421875
3 0.4609375 0.53203125 0.02578125 0.09453125
5 0.4625 0.49375 0.00703125 0.01640625
3 0.5421875 0.53671875 0.021875 0.09765625
3 0.521875 0.534375 0.01640625 0.05859375
5 0.1609375 0.54140625 0.0265625 0.04609375
5 0.1921875 0.44140625 0.02109375 0.03515625
6 0.0765625 0.49921875 0.02421875 0.04375
5 0.54609375 0.49453125 0.00703125 0.0140625