3 0.24140625 0.54140625 0.11484375 0.37734375
3 0.41328125 0.54140625 0.05 0.1734375
3 0.52578125 0.5421875 0.0515625 0.1140625
5 0.246875 0.38359375 0.0296875 0.06171875
5 0.4140625 0.46953125 0.0140625 0.02890625
5 0.525 0.49375 0.009375 0.01796875
5 0.1921875 0.453125 0.01484375 0.0390625
5 0.1609375 0.54765625 0.028125 0.04453125
6 0.09375 0.52109375 0.02421875 0.04609375
6 0.29296875 0.48671875 0.0140625 0.02578125
5 0.34296875 0.475 0.01484375 0.028125
6 0.3109375 0.48515625 0.00859375 0.0234375
5 0.5515625 0.509375 0.00703125 0.015625