3 0.38671875 0.540625 0.05234375 0.1921875
3 0.4515625 0.53828125 0.03203125 0.1140625
3 0.51328125 0.54296875 0.0671875 0.146875
5 0.390625 0.46015625 0.0140625 0.0328125
5 0.515625 0.48046875 0.0125 0.0234375
5 0.4515625 0.49140625 0.00859375 0.02109375
5 0.19140625 0.45078125 0.01484375 0.03984375
5 0.1609375 0.54609375 0.02734375 0.04375
6 0.09375 0.5203125 0.02421875 0.046875
6 0.29296875 0.484375 0.0140625 0.02578125
6 0.296875 0.50625 0.009375 0.021875
6 0.3109375 0.48359375 0.00859375 0.021875
5 0.34453125 0.47265625 0.0140625 0.028125