3 0.21356793928215173 0.5362253655898693 0.14177357869652968 0.3846535257031626
3 0.3856067135924112 0.5260969960084863 0.062296361374532164 0.17716467787060922
3 0.498188600747541 0.5199504722824901 0.0591846494796016 0.1177896778706092
5 0.22418229195025666 0.37831736509557773 0.03452548620519007 0.06377333992388783
5 0.3885922727283798 0.45425382950658344 0.015618355947465279 0.03026050296574958
5 0.49916460255656325 0.47157663927868454 0.010357645861557074 0.019132001977166267
5 0.16737236996941784 0.450794542966187 0.017672178878243815 0.03969916996194378
5 0.13268975350650297 0.5473167158938805 0.030499727498762796 0.04645850593149916
6 0.06685339156614387 0.5242731467302393 0.027456614653892552 0.047893671939110226
6 0.2672561832892579 0.47868743821355153 0.015454581637205856 0.02713550296574958
5 0.3171300305302959 0.46418192783342827 0.017098968792335523 0.02876166996194396
6 0.2853477640219525 0.4756115177573161 0.010603307326946343 0.023819501977166268
5 0.5249082310052657 0.48611930034337975 0.008631371551297562 0.015943334980972067