5 0.20546875 0.94921875 0.059375 0.10078125
5 0.525 0.928125 0.06484375 0.14375
3 0.35 0.73359375 0.15078125 0.53203125
5 0.34921875 0.5328125 0.05 0.125
3 0.8734375 0.84765625 0.171875 0.3046875
5 0.8765625 0.76796875 0.05703125 0.14453125
5 0.84765625 0.56953125 0.04921875 0.11328125
3 0.61015625 0.859375 0.14140625 0.28125
3 0.58515625 0.66015625 0.14296875 0.40703125
5 0.59609375 0.78359375 0.0578125 0.128125
3 0.4640625 0.58046875 0.1328125 0.5296875
3 0.44765625 0.33984375 0.1265625 0.25703125
5 0.46875 0.36640625 0.04375 0.09453125
5 0.45234375 0.253125 0.03515625 0.08359375
3 0.78359375 0.359375 0.09453125 0.434375
5 0.7734375 0.1875 0.040625 0.08671875
3 0.7171875 0.43359375 0.11953125 0.4453125
5 0.72109375 0.253125 0.03828125 0.08046875
3 0.59765625 0.22421875 0.09296875 0.37421875
5 0.6046875 0.0875 0.03203125 0.0953125
3 0.65 0.30234375 0.1 0.40625
5 0.66171875 0.1421875 0.03203125 0.08125
5 0.5890625 0.51484375 0.0515625 0.115625