5 0.66953125 0.9328125 0.06328125 0.134375
3 0.48984375 0.765625 0.1578125 0.46875
5 0.49609375 0.58828125 0.046875 0.10859375
3 0.35078125 0.853125 0.17421875 0.29375
5 0.3640625 0.77421875 0.059375 0.13046875
3 0.8375 0.7390625 0.14765625 0.52109375
5 0.8390625 0.53359375 0.04140625 0.1046875
5 0.83671875 0.428125 0.046875 0.1015625
3 0.6625 0.546875 0.1171875 0.48125
5 0.6734375 0.35390625 0.040625 0.08984375
3 0.7265625 0.259375 0.1125 0.42578125
5 0.6859375 0.2703125 0.0359375 0.1046875
5 0.73046875 0.09375 0.03671875 0.08671875
3 0.6125 0.20390625 0.08359375 0.38125
5 0.60625 0.05546875 0.03515625 0.08203125
3 0.55 0.2984375 0.115625 0.44921875
5 0.55625 0.11171875 0.03671875 0.07109375
3 0.40859375 0.18515625 0.10625 0.35078125
5 0.40703125 0.05078125 0.03359375 0.07578125