3 0.2940022096816376 0.8883369412164821 0.21553091645877273 0.22332611756703571
5 0.29876463834151945 0.8622214046760858 0.08354886228216234 0.15311968281352506
3 0.41692178701761196 0.7507852030794803 0.23637007113072134 0.4984295938410394
3 0.4543426660489972 0.5805151013297755 0.1921791153825342 0.442940869581383
5 0.4102480636916323 0.5693255919382352 0.0661772717116218 0.11498301285158127
3 0.8818896615008832 0.8288424437623021 0.1778554420993359 0.33630886760421674
5 0.896303226016576 0.7378500292375657 0.07791529238978612 0.13261618182494211
3 0.6179898273404835 0.8202534333264072 0.2220806310982999 0.3594931333471855
5 0.6115108490521052 0.7184183024320893 0.07671666542531544 0.14036501482874755
3 0.7490023486378204 0.572953246614321 0.20737177584545102 0.501262705550938
5 0.735260988008288 0.38062382516950233 0.052876751033457306 0.09728617688202616
3 0.6138375982235356 0.41637829996063136 0.17699076302516942 0.45167919961943925
5 0.6133582169158387 0.2418093814815622 0.050877603390822125 0.08784750988583172
5 0.5824935146823085 0.1818467910633828 0.04989730024766903 0.10028384288963732
5 0.43609358788445346 0.4177458458925679 0.05614730024766903 0.10053851087441483
5 0.7294348271310864 0.28724123969423876 0.05770980024766903 0.1006021778706093
3 0.6713376908609908 0.1901633098464631 0.1635746182780183 0.33104836463846715
5 0.6585744793218355 0.04405497239403321 0.04222604135632899 0.03603034190105416
3 0.5030949590579559 0.20600719125366324 0.16881008188408816 0.37648819863085603
5 0.49834545471472974 0.03909160528410808 0.04080909057054054 0.039091674904859784