3 0.9469480003386842 0.69609375 0.10610399932263163 0.4921875
5 0.9988490943003618 0.803125 0.0023018113992762323 0.14375
5 0.9776828835928558 0.52109375 0.04463423281428831 0.121875
3 0.8374157858417618 0.74375 0.2408528878324983 0.4515625
5 0.8099381597679086 0.60703125 0.07841932835784533 0.1546875
3 0.6606729014001657 0.81484375 0.23314220714523232 0.3640625
3 0.5913253578680292 0.72890625 0.2627898428300238 0.5421875
5 0.6444536798942966 0.7140625 0.08541295680654795 0.1390625
3 0.49126896766068173 0.4296875 0.21502737222866597 0.465625
3 0.5514860933958508 0.34140625 0.19315237222866594 0.465625
5 0.5640247942095049 0.5359375 0.07899918249628843 0.1359375
3 0.34401443012143923 0.28828125 0.20754242084918512 0.471875
5 0.31416207654882317 0.10625 0.056393842152655436 0.0921875
5 0.4607172512431955 0.24921875 0.056393842152655436 0.0921875
3 0.7694548433958508 0.34140625 0.2138743080043149 0.4734375
5 0.73791715909054 0.15703125 0.0531869549975255 0.090625
5 0.5106962398232346 0.159375 0.056393842152655436 0.0921875
5 0.4506008655584036 0.07109375 0.0547494549975255 0.090625
3 0.68244840909054 0.15703125 0.15864681818108012 0.3140625
5 0.6546022908186029 0.01328125 0.04670458163720568 0.0265625