5 0.8443773501083657 0.9612974681972549 0.08672123920022692 0.06767837939029916
5 0.5562895622667504 0.8903320249860638 0.08961311542376223 0.15049087939029918
3 0.2910589210670907 0.7911143167477579 0.24305560707105967 0.384148782784704
5 0.3237846302302506 0.681571145104785 0.08287204210278443 0.13639201795398073
3 0.4158158736068286 0.730244473560008 0.2608482861971527 0.5357840056573409
5 0.4619989367610053 0.5261109645830175 0.06481152286549072 0.1112920240041051
3 0.752234523244009 0.7368792511783504 0.24931058547151325 0.5185328731437835
5 0.7981720497376967 0.53977699220136 0.06303076805616747 0.10503293364502539
5 0.8095584722403679 0.4373877904059619 0.0681002139724833 0.11599770472226431
3 0.6345460593563436 0.5282314799047197 0.2138443114248961 0.48708288524403187
5 0.6854885443802191 0.3443786546709507 0.059578385842182155 0.09563975292686626
3 0.7590103791339422 0.2744337933328281 0.19636414554564716 0.4338669816532357
5 0.7951264723251859 0.11253778133077552 0.05327382213985139 0.09404089149054777
3 0.5810763520921002 0.27000134426790445 0.20483140997361743 0.4526624334486337
5 0.6255233004554869 0.09321613047045386 0.05111112141421188 0.07684430113146815
3 0.46870781606458356 0.15666711475596817 0.17195936787083282 0.31333422951193635
5 0.49463045372086434 0.018149515419898104 0.041989092558271324 0.03629903083979621
3 0.6584498731434925 0.2015962570320829 0.16298616115474368 0.37274767447164336
5 0.6877703293114275 0.05536160646634878 0.04776786660488845 0.0705761204133089
5 0.7064037343060854 0.25989911554153505 0.05483632213985139 0.09404998184962743