3 0.2396333829775003 0.39240917203575637 0.14608405793937534 0.43672836123992675
5 0.23114546969913213 0.22915519311299523 0.04142639342673622 0.10178975897699045
3 0.8628423321594104 0.7818054109174666 0.18449194129812518 0.40883062021691713
5 0.8508300285884381 0.6349804078924045 0.05091049620027803 0.10653180113146803
3 0.7252345358066327 0.8451144528755525 0.18961323955076423 0.2932510720123155
5 0.7265411562476048 0.7669712721573934 0.05926851006798621 0.13001475292686634
3 0.7138891537790629 0.4248110432346322 0.14205117458062552 0.46482609016268783
3 0.7353407007974306 0.14020580172064334 0.10818140159486127 0.2804116034412867
5 0.7041290280197572 0.24046785949141086 0.047421820288472284 0.09088862041330889
3 0.5050830771254173 0.7190342627876195 0.1738843624602783 0.5571863069852008
5 0.50238991574691 0.502614377249 0.05730596656499998 0.11281816256778665
3 0.3621818366247226 0.454204669207086 0.13856249866881987 0.44918290944452866
5 0.35425696779927107 0.28157114510478504 0.0475672906531945 0.0971386204133089
3 0.3010228650257294 0.27719271731349204 0.130821427430417 0.38508404800821017
5 0.2938071642282987 0.1350279432111911 0.041171820288472286 0.09085225897699045
3 0.5654724504161811 0.5608490580653551 0.14906489399541697 0.4976749515990063
5 0.5769132177992711 0.28027576893593953 0.046332098973819666 0.11119203005422928
3 0.4343438580918752 0.26469674161218476 0.12998627925402814 0.4163249576491306
5 0.42732752583555556 0.09752742233034398 0.0392820119678472 0.07678066861791084
5 0.5633208836430905 0.16627690144949683 0.041099085106111134 0.08772725897699045
3 0.6172816850298612 0.1702432805452086 0.11268837005972258 0.3404865610904172
5 0.61159211664125 0.026388741415793015 0.02943423328249999 0.05277748283158603
5 0.5484628691097919 0.3671717809379921 0.04782186379145834 0.10807612041330898
3 0.38405095773128484 0.15169274756411308 0.09597234232430578 0.29739315046753817