5 0.9278639761440257 0.8886534047009578 0.06254866689245624 0.15190972958158006
3 0.7022298903229485 0.7922855087964156 0.24439396766068172 0.41542898240716897
5 0.7225910572154046 0.6537253000769688 0.06732469810012062 0.12400298439090349
3 0.5457441949363613 0.8352244877450234 0.2041164484388048 0.3295510245099532
5 0.5486821664422303 0.7462699202252363 0.07110479534115868 0.13661211179556504
3 0.5069815038451873 0.3472123721320021 0.1591934520568495 0.4484970421027844
3 0.48156650327936035 0.14517615697839245 0.13407618611433297 0.23706846878180676
5 0.5106431716421544 0.17280264917384414 0.050061954997525505 0.09220734736759484
5 0.4820854816826342 0.07553577957373073 0.04529256784239592 0.09048115626060224
3 0.7660156671195988 0.3030358193142625 0.15606845205684933 0.4483879146981227
5 0.76535832711465 0.12143115524911192 0.04323874491161739 0.08105159255827141
3 0.6479617079382016 0.2856077279371174 0.14680855947465296 0.30145835099579193
5 0.6441583565132921 0.19390137757429773 0.04463082654882307 0.10761409255827137
3 0.6313695929456249 0.5574008823836211 0.20052886024287844 0.5825099435540633
5 0.6354274084131715 0.31569453202080144 0.048090019221876903 0.08434028366526398
3 0.44667144561372985 0.3928497651457604 0.1549552521477065 0.2783482332097771
5 0.44821401345612566 0.30367813774109875 0.048499454997525684 0.09215278366526398
3 0.4517153132082984 0.6998363751272271 0.21590819877748918 0.5783680805773717
5 0.45680668419376913 0.48321187031790364 0.06321040818602874 0.13477679328391085
3 0.2082386301461831 0.6263715601589518 0.1871347455889859 0.5352529976377474
5 0.21838931535600503 0.41775052830778636 0.0572946008590826 0.11117560217691821
3 0.8463284503634281 0.7057651827966991 0.19526150610443543 0.5884696344066018
3 0.8432974621220731 0.3965254136866324 0.16711441542211816 0.33180061542376216