3 0.309375 0.83203125 0.16796875 0.33515625
5 0.31640625 0.7375 0.05546875 0.13984375
3 0.4328125 0.7171875 0.15 0.565625
3 0.4578125 0.43125 0.1359375 0.25625
5 0.4421875 0.49140625 0.0484375 0.10703125
3 0.609375 0.79453125 0.15546875 0.41015625
5 0.6015625 0.9234375 0.06171875 0.153125
3 0.8859375 0.81796875 0.1625 0.3640625
5 0.88671875 0.7 0.0546875 0.125
5 0.61015625 0.65234375 0.053125 0.12578125
5 0.4640625 0.34921875 0.03828125 0.08984375
3 0.75 0.53671875 0.12734375 0.47890625
5 0.75390625 0.34453125 0.03984375 0.09296875
5 0.76796875 0.25859375 0.0421875 0.09609375
3 0.64453125 0.37421875 0.0984375 0.42421875
5 0.65546875 0.20625 0.040625 0.084375
3 0.60859375 0.26796875 0.07890625 0.34140625
5 0.62265625 0.14765625 0.03359375 0.09921875
3 0.715625 0.15390625 0.103125 0.3078125
3 0.553125 0.16875 0.1046875 0.33671875