3 0.3615606594751338 0.3245119532668891 0.15104830377355896 0.4744364003691402
5 0.37712713816323296 0.13922529533960967 0.047949418184115536 0.09352875693983033
3 0.7402165760764037 0.8411592327242534 0.18862720862983942 0.31768153455149317
5 0.745515493006878 0.767082294102992 0.06231344655564541 0.15839229333702498
3 0.5463014400247419 0.8942761358711708 0.1914219365265156 0.21144772825765834
5 0.5522619350101768 0.8721040538205995 0.07137019780928675 0.14805557063492075
3 0.9179922350893193 0.8331242921004073 0.11917852665566997 0.3337514157991855
5 0.953683345672445 0.741286959431527 0.0493588054894186 0.14196625693983034
3 0.46807480311515015 0.7877665175802885 0.19746866270733215 0.4244669648394231
5 0.486660981724107 0.6518730945367308 0.06801787727617317 0.14004281153562204
3 0.4330084474800822 0.5051995511997058 0.17061665769276718 0.5037629549649321
5 0.45286762107447415 0.30688196714654975 0.046386918184115444 0.09342862739018098
3 0.7787899604122059 0.48430936689738113 0.15748016020004965 0.4810869185677376
5 0.7951604211536164 0.2982915237449264 0.046432382290738164 0.09499112739018098
3 0.5559805977175091 0.42150327652270364 0.15132108841329509 0.48381140036914017
5 0.5692487905122309 0.23450392427095018 0.0480858105039836 0.09821625693983034
3 0.5047316494460039 0.246023612735328 0.10986571113712174 0.34547079117755664
5 0.5199056715493278 0.12802458435769792 0.043534702823851565 0.10260336829088237
3 0.7439532738191834 0.25587468383167417 0.12184888558944351 0.38210919802510174
5 0.75360472162847 0.11247513725544675 0.046159597651002214 0.08561612739018098
5 0.9300339308535419 0.9844760410206732 0.05888691818411544 0.03104791795865367