5 0.8184033505614072 0.926229802879984 0.08606817599857094 0.1363829275949012
3 0.524915430514921 0.8740607104778009 0.22405948491686284 0.25187857904439814
5 0.5380763482156187 0.8331554719888741 0.08483345792955621 0.14106133723582168
3 0.2941895904219486 0.7778084000747547 0.2503591770069772 0.4309692406302261
5 0.3361635589951665 0.6358072524358869 0.0790533514929388 0.12540906615858277
3 0.3998000880761601 0.6869793878763104 0.25811668270696037 0.5419067406302261
5 0.4479801340050017 0.4785810805965223 0.06346120248167449 0.10345225292686636
3 0.7251607209958809 0.7060667729239507 0.24674214013231327 0.5355931081166687
5 0.7725048866028917 0.49844517046462256 0.060117681194351034 0.10030907220870695
5 0.7807158603718898 0.39219971564416234 0.0651329631253363 0.10502384328594587
3 0.617363918533877 0.49285317973620063 0.204106889880212 0.46193743949875793
5 0.6681008819113148 0.31495089353365124 0.05800887797604233 0.09248748184962743
3 0.6530982308063635 0.17183669778837735 0.1511025861577 0.3070044998036083
5 0.6810322066690484 0.23061680014950953 0.052884335401395435 0.08621021077238851
3 0.7452368183014458 0.25131109523085343 0.1953438950759921 0.42596357806243945
5 0.7790922842767737 0.0912866554375079 0.05310285668871906 0.08933521077238853
3 0.5724002518415855 0.24170831537301588 0.19778048022528588 0.4384726684215191
5 0.6131612816788836 0.07234523701598881 0.051103314114071804 0.08307612041330892
5 0.6761201035866258 0.0437935110200939 0.04368429802252862 0.04398634933607006