3 0.1640625 0.7671875 0.15625 0.465625
5 0.175 0.59921875 0.0515625 0.1234375
3 0.409375 0.6921875 0.15078125 0.48125
5 0.415625 0.50546875 0.04609375 0.10625
3 0.45703125 0.81171875 0.18515625 0.37578125
5 0.46328125 0.70234375 0.05625 0.15
5 0.80625 0.94296875 0.065625 0.1140625
3 0.8953125 0.8125 0.15625 0.375
3 0.878125 0.5875 0.14921875 0.41796875
5 0.9 0.6984375 0.05625 0.13515625
3 0.8484375 0.39453125 0.12109375 0.409375
5 0.8890625 0.43671875 0.0484375 0.10859375
3 0.68125 0.73046875 0.16328125 0.5390625
3 0.70703125 0.45234375 0.13046875 0.38984375
5 0.68671875 0.50703125 0.0484375 0.09453125
5 0.7 0.31484375 0.040625 0.115625
3 0.540625 0.51640625 0.1296875 0.50859375
3 0.54765625 0.26328125 0.128125 0.2515625
3 0.521875 0.190625 0.103125 0.36015625
5 0.546875 0.31328125 0.0453125 0.10078125
5 0.8515625 0.23671875 0.0390625 0.090625
5 0.55 0.18828125 0.040625 0.09921875
5 0.52578125 0.0484375 0.03046875 0.071875
3 0.47109375 0.15625 0.07890625 0.3109375
3 0.6859375 0.1359375 0.1 0.2703125