3 0.26875 0.46328125 0.13125 0.51015625
5 0.26796875 0.2578125 0.04296875 0.09453125
3 0.73515625 0.79765625 0.1578125 0.4046875
5 0.75 0.65390625 0.0515625 0.11015625
3 0.82265625 0.734375 0.13671875 0.53046875
5 0.803125 0.53671875 0.04296875 0.1296875
3 0.58359375 0.55859375 0.14140625 0.54921875
3 0.596875 0.23515625 0.10703125 0.325
3 0.5609375 0.30546875 0.1234375 0.27890625
5 0.5921875 0.32734375 0.04375 0.08203125
5 0.56953125 0.21640625 0.040625 0.0984375
3 0.74375 0.4015625 0.12578125 0.46796875
5 0.74609375 0.22109375 0.040625 0.1
5 0.59609375 0.1140625 0.0375 0.08359375
5 0.74609375 0.10546875 0.03828125 0.08125
3 0.80390625 0.209375 0.08203125 0.41328125
5 0.79296875 0.0390625 0.034375 0.078125
3 0.34296875 0.140625 0.09609375 0.28046875
3 0.5125 0.1609375 0.1078125 0.321875