3 0.7564857123280208 0.7370573336150057 0.23450404100647618 0.5258853327699885
5 0.7625372717691825 0.5416246041606528 0.061795650270152436 0.1160813569862416
3 0.9197520271266602 0.8337996581595188 0.16049594574667977 0.3324006836809623
3 0.8909722958157996 0.5773215459006176 0.16729669363888106 0.5005506154237622
5 0.9344197393698629 0.7489435747565582 0.06913692431676957 0.14754961179556503
3 0.6025943644122718 0.8879811827542902 0.20215281015895173 0.22403763449141972
3 0.6118279767559911 0.7618676383740709 0.19496533665263965 0.4437748257680486
5 0.5993676714911806 0.8519470013507624 0.0720982332097769 0.14297123920022692
5 0.6017659520764018 0.6077976972670784 0.06206846878180681 0.1238938569862416
3 0.2822594947273404 0.5303150156939147 0.17360125734121218 0.5023313702330856
5 0.27632940934064515 0.33815479754508004 0.05042164065150558 0.1031994110699257
3 0.8630109538056823 0.3352332496214819 0.15422623084752446 0.3050198606144387
5 0.8741865559826006 0.387123131835467 0.05376489546082937 0.10955853847458741
5 0.8611632224100039 0.2376315633238127 0.05009425843752062 0.09382441106992567
3 0.5152828150530933 0.5891716936388813 0.19053578619715275 0.5403770072563943
3 0.520984655712448 0.2608656443645207 0.1414385433687288 0.3857242235911301
3 0.49317960344286255 0.3137351840202344 0.1404167019915839 0.26708335099579184
5 0.5004861611547436 0.388898875127227 0.05581846878180681 0.12367560217691827
3 0.6663591870154594 0.4688195320208014 0.1784722958157996 0.5524404976377474
3 0.6514335583448533 0.22016377721147803 0.13238594718226046 0.2605605324841376
5 0.648209354623989 0.2395586179556509 0.04664187622353531 0.08434028366526398
5 0.6457986280376339 0.14817964980681633 0.04260914065150558 0.10292659255827141
3 0.46207839246560417 0.16049113293177533 0.11165678493120837 0.2926091406515056
5 0.48864338166583093 0.22852437031790357 0.0420635036281972 0.08730159255827141
3 0.7527604453681618 0.23930813601181825 0.14145839073632355 0.4309821598887994
5 0.7344221292187603 0.07168412639317139 0.040228185116542824 0.07943452885594056
5 0.5135119176933476 0.11390879881102442 0.045079376223535306 0.08428571996293313
5 0.45798611479078993 0.04330363293177533 0.03935516587924912 0.054434528855940544