3 0.8993444715963763 0.7718637296790428 0.1792194902574721 0.33629651583511766
5 0.8619614740320081 0.8557219041313646 0.07263075081077872 0.13485838479802048
5 0.9038467853133685 0.6928665514657976 0.06827053327818292 0.15347199247815269
3 0.7691520056853381 0.4914213749019048 0.20340483278842036 0.5587625492212125
3 0.7252770949698755 0.32091029810058525 0.17189000567874757 0.45321123119538154
5 0.7494646172910098 0.277259586501245 0.05824096834337489 0.11569920783841656
3 0.6170462146965174 0.7058967150310596 0.22974914447681768 0.5470354390337981
3 0.5837344772751238 0.33283729974993786 0.16523090259449233 0.42959187476889077
5 0.6065974586074374 0.4992746419906636 0.06279210064862309 0.10802310015828454
3 0.5291173409126857 0.5093376152684863 0.19633662661991025 0.5117056927947218
3 0.4836680677774773 0.20534644873372349 0.15818996996493268 0.3840975183424001
5 0.5152844862035776 0.31765022044133584 0.05662392126547413 0.11252874373179385
3 0.5674039139618735 0.11455527883374834 0.13706717207625302 0.2291105576674967
5 0.5717271753259592 0.17076920876285334 0.05311709172016936 0.0905628155185485
3 0.7371260787345258 0.10100359270294416 0.11637284253094826 0.20200718540588833
5 0.7150232077933633 0.147859243006878 0.051581865259119654 0.09207985141192579
3 0.29460556777747726 0.21084760563506788 0.14925134658813805 0.4088247337026639
5 0.28875280844198636 0.05406640822149265 0.04366027110331831 0.08560253087881238
5 0.47508972889668166 0.07050844748008225 0.047112553570722325 0.10444345909205774
3 0.8062873616089672 0.24281037866282854 0.15489342045139987 0.463648626022532
5 0.7883300685882562 0.0637366441022347 0.04842959172016918 0.09042642319868044
5 0.7411471513799718 0.004364273423472001 0.04270569724005639 0.008728546846944001
3 0.0682885296280303 0.6869711510953567 0.1365770592560606 0.5604326978092867