3 0.7737849205522325 0.8292910702164045 0.19874877204008926 0.2987216923687924
5 0.774684896562732 0.7519473202164045 0.06871473201781733 0.13242276217486443
5 0.597367323878142 0.8870468433483178 0.07358404535327168 0.1481295827917158
3 0.2056536332352318 0.7189197751638033 0.1814543734086329 0.5577421363624382
5 0.20742686059836676 0.4994021619332786 0.056014737348817456 0.11501707386326192
3 0.471723528564641 0.7431758867727705 0.19796916406745138 0.5002296452908919
3 0.4387859485996395 0.48599067816862823 0.15676126670908896 0.3151728068171334
5 0.46978086258754914 0.5744940706201463 0.05948518268618095 0.14475912094116267
3 0.8836786359007318 0.715676809259356 0.17460438940163314 0.5060705422066366
3 0.8666205946053666 0.4363438652657103 0.163593069382543 0.3652819009729347
5 0.8811456239258671 0.530602379876207 0.05924882535009033 0.12444662094116268
5 0.43765125728041154 0.3821253384770538 0.04802042401336308 0.0992557061685102
3 0.6681359992441405 0.645235444403978 0.19168389608526865 0.6313432775961401
3 0.6826279499522749 0.33957577963132557 0.14638738804899773 0.363419392044481
5 0.6626058039465479 0.38210419886820485 0.051109061346272175 0.09618525324641088
5 0.8728353266231839 0.3050120446488592 0.04951019867918127 0.09303297970746058
5 0.6652779126352742 0.21959056209872965 0.045059056015271895 0.11326365909060954
3 0.8124699912874112 0.32403082589844734 0.14442599339590637 0.46336484496658026
5 0.8052222073122282 0.1413819671321494 0.041643154678545 0.08820911201270885
3 0.5302927432765936 0.4086275629095086 0.15263848273390596 0.49787621266133186
3 0.5112358499761375 0.16682189245481333 0.13684766136218052 0.21484552434972928
3 0.49204095464672815 0.14304306777747725 0.11279309070654371 0.2860861355549545
5 0.5247529099697742 0.21345143060426025 0.049546561346272 0.0961579797074605
5 0.5111454906508645 0.1074605292242885 0.04324201734563573 0.09136138555165917