5 0.9344117543440387 0.96640625 0.08828822625188941 0.0671875
5 0.6395550096762976 0.89375 0.09311150512049764 0.15
3 0.36493517029846345 0.79296875 0.25198378910960295 0.3828125
5 0.38747105198143394 0.68359375 0.08604245776545091 0.1359375
3 0.4840877177240972 0.7328125 0.27331129949177235 0.534375
5 0.511274031075921 0.52890625 0.06739887357870131 0.1109375
3 0.8213069966632924 0.74140625 0.261372741613382 0.5171875
5 0.8489028336926394 0.54453125 0.065472352532014 0.1046875
5 0.8507544890531333 0.4421875 0.07079688936371689 0.115625
3 0.6841122915992646 0.53203125 0.22517763637994506 0.4859375
5 0.7179504233528224 0.3484375 0.061801320961982854 0.0953125
3 0.784994439208425 0.27890625 0.20645845748310238 0.4328125
5 0.8060441446253886 0.1171875 0.05546031570031085 0.09375
3 0.6065509207925736 0.2734375 0.21536302062316431 0.4515625
5 0.6345485762236546 0.096875 0.05289675782192056 0.0765625
3 0.48341028142885667 0.1578125 0.17932056285771342 0.315625
5 0.4964500657708982 0.01953125 0.042900131541796324 0.0390625
3 0.6775921919098481 0.20546875 0.17165925227790008 0.371875
5 0.6933019499435302 0.059375 0.049407736775233246 0.0703125
5 0.7310048892225425 0.2640625 0.05702281570031094 0.09375