3 0.21148788838773766 0.7453472206397286 0.19630935308095981 0.5068692600254534
5 0.20825597402212243 0.5601909706397284 0.061502336038126514 0.12256589067472703
5 0.8256379374942332 0.8327513878899142 0.07427507142763012 0.1383363413430903
3 0.9124899119299833 0.7457230078771875 0.17502017614003335 0.44269767202418076
3 0.8844542353862082 0.4866843625477782 0.17872065827653535 0.39418744668999894
5 0.9089650860348313 0.5926707332113692 0.06632620373287815 0.1304329346753633
3 0.44021904017474656 0.5535847926082299 0.16981721671852162 0.33159654002227174
5 0.4351576189092724 0.44268365527532083 0.05330800649282175 0.10059998400699968
3 0.4957089297835955 0.7779848086012302 0.21224227028924414 0.43519425469445316
5 0.49018385835596556 0.6405211712683212 0.06509098620028234 0.14916475334181775
3 0.6979378571381496 0.6795183945735498 0.20907418019063256 0.6116840293602716
3 0.7006229318154856 0.3856774879058225 0.15983429058178372 0.3861567706874537
5 0.6834451144450455 0.4311990732415952 0.05489778003177222 0.10218066534054518
5 0.8836166639585782 0.34916618121423276 0.058131874187573374 0.10846702800763604
3 0.8337121213449045 0.35521673388768693 0.159826382301953 0.47520108935390815
5 0.8203512305182394 0.17174116255573238 0.04859323295387128 0.09898294000636336
5 0.678800704543657 0.2546547545751406 0.04886596834337489 0.11460794000636332
3 0.5455047836819247 0.452339371260367 0.16643093830830757 0.49558631468808995
3 0.5240626116056718 0.20878936592936687 0.1447705779204517 0.23913632001909005
3 0.4966546318982112 0.1638881353039559 0.1276842637964224 0.3277762706079118
5 0.5335018413131323 0.25712686859486694 0.05171823295387146 0.09901930267345423
5 0.5197784862002823 0.1424194785964578 0.048565959414921166 0.09742044000636332
5 0.4888130840095316 0.02773245930141056 0.03700116801906326 0.05546491860282112
3 0.4439154155834313 0.14107761764004667 0.10342855762791228 0.28215523528009334
3 0.6481256286518003 0.11296088729313822 0.11187625730360065 0.22592177458627644