5 0.9609375 0.93203125 0.0625 0.13515625
5 0.6546875 0.87265625 0.06015625 0.14140625
3 0.37265625 0.8203125 0.16953125 0.359375
5 0.38203125 0.70703125 0.05703125 0.128125
3 0.4828125 0.740625 0.15390625 0.51875
5 0.4859375 0.53203125 0.04375 0.1046875
3 0.81875 0.70625 0.140625 0.53359375
5 0.8203125 0.4890625 0.04296875 0.09921875
5 0.81015625 0.38671875 0.04609375 0.10859375
3 0.65625 0.5046875 0.1171875 0.4734375
5 0.66796875 0.31640625 0.04140625 0.0890625
3 0.7265625 0.2359375 0.11015625 0.4203125
5 0.728125 0.07109375 0.034375 0.08984375
3 0.55 0.2609375 0.1140625 0.4390625
5 0.55703125 0.08046875 0.03671875 0.071875
3 0.4140625 0.159375 0.10703125 0.31875
5 0.4109375 0.0234375 0.03359375 0.0453125
3 0.61171875 0.18125 0.08828125 0.36171875
5 0.61015625 0.0328125 0.03515625 0.065625
5 0.67109375 0.23046875 0.0359375 0.0890625