3 0.1832787353927987 0.4756561765033946 0.14250251460720129 0.4726672953411587
5 0.19577655560261262 0.2972412494341731 0.044042100648623086 0.10846095318850324
3 0.32793449066780445 0.34170165762020205 0.13198993425111763 0.3175703595655099
5 0.33213284131642756 0.23557448835289665 0.04535913879807012 0.09448034034363309
3 0.4471384582004004 0.36671602498762806 0.13743318506189653 0.45054663387576943
5 0.45875957102388815 0.19372890434084167 0.04212504464226861 0.08806656603337357
3 0.414600467939633 0.21487356399720864 0.10441040503012448 0.34734639077317436
5 0.4270749687504119 0.08259333050555201 0.03719208279171564 0.07375840456798428
3 0.29708036242304126 0.6309755195605611 0.16662185308095978 0.5129581026681048
5 0.3169503518697344 0.4333978346894235 0.04864778003177213 0.1040191146538925
3 0.46067743791115623 0.7859352572360893 0.18126500567874756 0.42812948552782154
5 0.47982467857566535 0.6444625667107421 0.05686938311602709 0.1278660504295413
5 0.6581273620192994 0.9434517257455113 0.061775071427629946 0.11309654850897743
3 0.8340682991130862 0.8877854415413999 0.19054672808260734 0.22442911691720013
5 0.8337740186742769 0.8397362816578904 0.058295515421275465 0.12013543758467123
3 0.5487871383976236 0.7254912386915809 0.16382413554836397 0.5315443283578455
3 0.5605600300350674 0.4094125373120999 0.13242631087432316 0.3425703595655099
5 0.5546082646137919 0.5263953194242756 0.05210006249917605 0.12293288896415219
3 0.7259241570653099 0.5674341564885482 0.14924343830830758 0.5011198439616777
3 0.773893647322782 0.23839510967705158 0.12537746996493268 0.38591092378986114
5 0.7363509626646273 0.37327139868663217 0.048565959414921166 0.09933161465389251
3 0.6054110596630977 0.6174197891211223 0.13534457954200932 0.5097578595655099
5 0.6055861578760888 0.42819351481086276 0.05212733603812651 0.12449538896415202
5 0.5727345219173925 0.2943198038204433 0.04387845941492117 0.09908595318850333
5 0.779664180600965 0.08699638398731105 0.037246629869616396 0.07688340456798429
3 0.6543663514626973 0.2767029358871904 0.1191547435038828 0.3871458751693422
5 0.6624806347408803 0.12542704093014453 0.03250458279171564 0.07351274310259504
5 0.6635579395294187 0.06370829093014455 0.03519320616851011 0.048676517412854545