5 0.4665593634627213 0.9543476532962085 0.07140338001272664 0.09130469340758296
5 0.9420128021164492 0.8632348991909919 0.05296246268299924 0.12061248184962743
3 0.6849082794398133 0.7860203549934108 0.22533054805854286 0.42795929001317834
5 0.7215077560868597 0.6439980440993853 0.06538973734881744 0.11443520472226432
3 0.7764867047660409 0.7339538609453392 0.22029869740608757 0.5320922781093216
3 0.7632845340547247 0.40753836933315435 0.19099191072563376 0.4354567527304745
5 0.7898026754057694 0.5381525650784283 0.06400905068427179 0.13005111436318478
3 0.3272833993873157 0.39953340914994107 0.21061461473581505 0.5105658370394299
5 0.35471641402768056 0.20595612597245377 0.05583292401336308 0.09875566256778665
3 0.5803367687380422 0.5291219569617595 0.22353278540736027 0.5465760599120669
5 0.62154138204168 0.31062648701598883 0.057286336012090364 0.08938975292686627
5 0.7872294693666347 0.2498758602579681 0.05432496801399935 0.10343407220870704
5 0.6258828893618624 0.21378330327276746 0.05586928668045381 0.10188066256778663
5 0.8054516633513629 0.1374894897464633 0.05098179201145392 0.08466589149054778
5 0.6537073500159083 0.1209827249157404 0.05256247334499946 0.08623748184962739
3 0.8395459473663166 0.2478366372871353 0.13895669605345223 0.39453177088084707
5 0.8532800886775902 0.08542754087793147 0.044513616008908484 0.06587953005422928
3 0.5643090426877718 0.15874127926866238 0.1536180853755436 0.31181017447164333
3 0.40374371268299925 0.12265326746300156 0.12936242536599848 0.24136131908544903