3 0.21835975465274346 0.47948905944116155 0.18601938012770872 0.4795486346610559
5 0.19557295203170164 0.3067063238691319 0.05250936379145843 0.10955853847458741
3 0.30442127516996553 0.3138516465571374 0.15567465064493077 0.31612105172143135
5 0.28877613174322936 0.21275293802694967 0.052254790653194494 0.0986210384745874
3 0.3496117142838894 0.575768803998866 0.20691376158659763 0.5052579627913569
5 0.3287504343642712 0.38493547287333996 0.0555252610179167 0.10498016587924912
3 0.5356070317225701 0.7397246326773214 0.22533645326597257 0.49185022721932725
5 0.5175440966927087 0.568340705998299 0.06853440729444457 0.12729167549789597
5 0.7586828154419104 0.8171601187975052 0.07358558320625015 0.14308036660488846
3 0.9034763710096531 0.7671724985644196 0.19304725798069383 0.33532740870767286
5 0.8937273498268409 0.6732687311412244 0.06530030452090294 0.12249504809323426
3 0.7335847111497573 0.44429553767197916 0.19263305603951436 0.4953918894703794
3 0.723386214665139 0.15427574991518198 0.14677242933027798 0.30855149983036395
5 0.7065461664125003 0.25680546135577653 0.055379790653194406 0.09873016587924913
3 0.594507293406077 0.6164756164352525 0.20411606990722256 0.5192113353866951
3 0.5546940321038198 0.3168402041842005 0.15571101823611144 0.31768355172143126
5 0.5627085134864587 0.42602423122604244 0.062029834156180644 0.11613592068857255
3 0.4318923117390975 0.31487345481717266 0.16784995516583373 0.43676093393541643
5 0.40926916327836815 0.14912196924514293 0.0505104526972918 0.09075397477225655
3 0.3701163975107988 0.18109000957623783 0.13961454597152806 0.36218001915247566
5 0.35681435087368063 0.0453992577197303 0.04073540919430565 0.0732390925582714
3 0.6173245847248616 0.4882315653467934 0.1699216014423616 0.45869049763774716
5 0.5877611052420836 0.3266318664352525 0.059013936929722274 0.12071429328391084
3 0.6117590368534724 0.18674971597584095 0.15255095706569471 0.3734994319516819
5 0.5895541156913195 0.03575889025020153 0.039209276785486226 0.07151778050040306
5 0.5437000210859029 0.21401530454702017 0.052218423062014095 0.09705853847458741
5 0.7027074259118056 0.003702831040708002 0.039789851823611146 0.007405662081416004
5 0.585410823138264 0.001006906175784239 0.03332164627652787 0.002013812351568478