3 0.18203125 0.7390625 0.15078125 0.52109375
5 0.19453125 0.54140625 0.05078125 0.11875
5 0.7859375 0.86328125 0.06328125 0.13359375
3 0.8859375 0.78359375 0.14765625 0.43203125
3 0.875 0.5234375 0.14609375 0.38359375
5 0.890625 0.63046875 0.0546875 0.1265625
3 0.4265625 0.55390625 0.14140625 0.3203125
5 0.43125 0.44296875 0.04453125 0.096875
3 0.4625 0.7859375 0.17578125 0.428125
5 0.46875 0.64453125 0.05234375 0.14453125
3 0.67265625 0.7 0.15703125 0.6
3 0.70078125 0.4078125 0.1265625 0.37578125
5 0.6796875 0.4515625 0.04609375 0.0984375
5 0.8859375 0.3859375 0.0484375 0.10390625
3 0.8359375 0.38828125 0.11953125 0.465625
5 0.83828125 0.20390625 0.03984375 0.0953125
5 0.690625 0.275 0.0390625 0.11171875
3 0.540625 0.46171875 0.125 0.4859375
3 0.53984375 0.2171875 0.12421875 0.22890625
3 0.5171875 0.165625 0.09921875 0.33046875
5 0.5453125 0.265625 0.04375 0.0953125
5 0.54140625 0.15078125 0.040625 0.09375
5 0.52109375 0.03046875 0.03203125 0.06015625
3 0.46640625 0.140625 0.07890625 0.28046875
3 0.67265625 0.1203125 0.09140625 0.240625