5 0.153125 0.9155034928284238 0.071875 0.11032243030721958
5 0.471875 0.934092290921658 0.08125 0.13181541815668396
3 0.32265625 0.723686770460829 0.2140625 0.552626459078342
5 0.34609375 0.5261483600662846 0.065625 0.13197917549789598
3 0.82734375 0.8766939970895932 0.2078125 0.24661200582081372
5 0.84140625 0.8411013037051658 0.075 0.1526190577118811
5 0.83671875 0.6409376125981734 0.0625 0.12093254809323425
3 0.565625 0.8692857464566209 0.175 0.2614285070867581
3 0.56484375 0.6892560283926044 0.1921875 0.42858633538669527
5 0.5609375 0.8125571191367772 0.0734375 0.13693949400955036
3 0.4546875 0.5916592873782791 0.196875 0.5490625264936879
3 0.4671875 0.3506895469969259 0.15625 0.27576887023308555
5 0.48515625 0.38022327957373075 0.0546875 0.10034722958157997
5 0.4828125 0.26607893402023447 0.0453125 0.08908234736759475
3 0.7984375 0.4231945518910673 0.146875 0.4473164880191005
5 0.809375 0.2517014978073833 0.0515625 0.09242560217691827
3 0.7234375 0.4862004941791863 0.1734375 0.46230657095872496
5 0.74921875 0.3081945452676454 0.0484375 0.08606647477225646
3 0.63046875 0.26029770389050033 0.1375 0.3876141058051153
5 0.65390625 0.12595990942546317 0.04375 0.09996528366526397
3 0.67265625 0.3453646738534334 0.1484375 0.4208085517214313
5 0.70390625 0.18942469790005054 0.0421875 0.08584821996293313
5 0.58671875 0.5462699202252363 0.065625 0.12260417549789597