3 0.36484375 0.88359375 0.17578125 0.23203125
5 0.36796875 0.834375 0.0546875 0.13046875
5 0.10078125 0.91796875 0.06484375 0.14921875
3 0.91015625 0.8140625 0.17421875 0.371875
3 0.909375 0.58046875 0.14375 0.36328125
5 0.91875 0.69296875 0.05859375 0.1296875
3 0.74140625 0.675 0.14765625 0.44921875
5 0.7484375 0.81484375 0.05859375 0.11875
5 0.909375 0.453125 0.0453125 0.1046875
5 0.73828125 0.52265625 0.046875 0.13515625
3 0.5578125 0.7515625 0.15234375 0.49609375
3 0.5484375 0.49296875 0.14765625 0.31171875
5 0.5609375 0.56640625 0.053125 0.12109375
3 0.51328125 0.33359375 0.12109375 0.409375
5 0.559375 0.39609375 0.04765625 0.11640625
3 0.7421875 0.26328125 0.1140625 0.4109375
5 0.74296875 0.10234375 0.03828125 0.08125
5 0.515625 0.17109375 0.03828125 0.0765625
3 0.36875 0.19609375 0.08125 0.3921875
5 0.36015625 0.028125 0.0375 0.05625
5 0.52265625 0.09375 0.0375 0.0765625
5 0.5 0.02578125 0.03671875 0.0515625