3 0.10546875 0.5703125 0.14296875 0.50078125
5 0.10234375 0.37890625 0.04375 0.11484375
3 0.26796875 0.77265625 0.1609375 0.4546875
5 0.2796875 0.60859375 0.04921875 0.11875
3 0.3484375 0.50703125 0.12734375 0.48359375
5 0.35234375 0.32109375 0.04453125 0.10546875
3 0.4203125 0.259375 0.08984375 0.33046875
5 0.43125 0.13671875 0.03359375 0.08203125
3 0.459375 0.42890625 0.11796875 0.47109375
5 0.46328125 0.23671875 0.04140625 0.08984375
3 0.5671875 0.48828125 0.12890625 0.3890625
5 0.56953125 0.34921875 0.04453125 0.10859375
3 0.4953125 0.83046875 0.1734375 0.3390625
5 0.50234375 0.7234375 0.0546875 0.1203125
5 0.8875 0.928125 0.0546875 0.12890625
3 0.590625 0.77265625 0.13125 0.4546875
5 0.58203125 0.60703125 0.05234375 0.11796875
3 0.68046875 0.728125 0.1453125 0.54375
5 0.67890625 0.52578125 0.04765625 0.13203125
3 0.78203125 0.6234375 0.13828125 0.5359375
5 0.78125 0.4078125 0.04453125 0.10078125
3 0.775 0.23671875 0.11328125 0.36796875
5 0.775 0.09296875 0.0375 0.078125
3 0.6765625 0.290625 0.109375 0.36640625
5 0.6796875 0.146875 0.03515625 0.078125
5 0.6578125 0.0609375 0.03359375 0.0765625
3 0.5875 0.14765625 0.1015625 0.2953125