5 0.631045522831301 0.8555594012801782 0.08633562307124443 0.13358803218308674
3 0.5104209446382411 0.7428587613999664 0.26150771282761304 0.5142824772000673
3 0.4634886944813575 0.39653469050063045 0.21886153300110855 0.45395479852673165
5 0.49667502699335414 0.5644377385231591 0.07832286397194572 0.12991672896477802
3 0.8032883675249153 0.7130669906168461 0.2672360811184955 0.5738660187663079
3 0.8146099059246946 0.39126694435902826 0.19784812615356334 0.44159691015912916
5 0.7836626897009955 0.5068155347041022 0.07393575262089377 0.13427644703379293
3 0.7180283952842365 0.5391092286358019 0.23576723318567866 0.5235788836760256
5 0.7070570242155769 0.3429390689808759 0.06442105027685514 0.10716764381548423
3 0.5621998974437048 0.5705891855569518 0.23374365823182117 0.5405478623887021
3 0.5830676141288291 0.28169057652244456 0.2044986443521605 0.448283952733776
5 0.5526606184477659 0.3643174062238568 0.0660836798265045 0.10883940445914594
3 0.4428011644056844 0.1682950760182414 0.14773180289774893 0.24209965471124745
5 0.4570953994462895 0.23913745374218226 0.0602341980251019 0.11465236188449897
3 0.26071414790513014 0.37686205682460494 0.20177416255075792 0.4543154314464526
5 0.25605333359173077 0.20467570038798755 0.05590764342930994 0.09568384059717552
3 0.776946824492432 0.24423912504917616 0.1841279827242534 0.34886310694082046
5 0.8029481199889255 0.23036229534776398 0.059433161627907086 0.10215236188449899
5 0.7706944293650791 0.12138077925622057 0.05354410703211539 0.08307457995351379
5 0.57293804981543 0.10912180783301109 0.04825582973421945 0.07337179802252858
5 0.4372508736895531 0.09570988183444014 0.04689358883351815 0.07638753737886686