5 0.9456360073888334 0.8917330112053481 0.07664873119538136 0.16573540919430557
3 0.8642292315245859 0.7930850380877434 0.1984855934278599 0.4138299238245132
5 0.8699754631821858 0.6526328371934035 0.06439277210332364 0.12016833605604163
3 0.6010639903000745 0.7213230601235768 0.18888327289474666 0.4275470378034029
5 0.5984965829365118 0.8477400897588547 0.07114287727617316 0.1375013064207639
5 0.5245853729865242 0.9576897859035419 0.07777331050398359 0.08462042819291611
3 0.34291652117888693 0.7561613672583855 0.20163933715965393 0.48767726548322904
5 0.35526209382357143 0.5914673334905907 0.06480194906292791 0.13423083605604164
3 0.4663503580093364 0.6260624986688199 0.18934993731793842 0.5509118026210418
3 0.4727748880967259 0.36388980698944484 0.15254129295300628 0.25181968597979176
5 0.4812382574553403 0.4132722111497573 0.05621655925034226 0.10748649810013902
5 0.48003580713877125 0.29145176253652816 0.04960284639736088 0.09484102773541672
3 0.7453893371596537 0.5029575326725005 0.16984376788018168 0.4708242591180557
5 0.7532603584715547 0.3173291571975353 0.04477895407749273 0.09004442496187508
3 0.8084910792420951 0.417766221502084 0.14434366270733215 0.4530548776591667
5 0.7948962775136 0.24569119975059092 0.051347202823851565 0.10112739532659729
3 0.6715389970304992 0.3529016748649658 0.14003659593514256 0.4123571424768057
5 0.6863874440483629 0.19241876975472277 0.04459709765100221 0.08379442496187509
3 0.6253566673261857 0.2682896323119102 0.12368417022917946 0.38699346656500005
5 0.6408643438900784 0.1304629772016672 0.0402733105039836 0.09618532218833335
5 0.6070602745440992 0.5785906994662505 0.06292120031656907 0.12325696846486114
3 0.5766570913827959 0.1508287221676741 0.12670621865896906 0.2762014369297223