5 0.3453125 0.859375 0.0609375 0.13203125
3 0.5 0.7921875 0.165625 0.415625
5 0.5078125 0.6390625 0.04609375 0.1046875
5 0.87265625 0.4703125 0.04765625 0.10859375
3 0.86015625 0.7578125 0.14921875 0.484375
5 0.8609375 0.56875 0.04140625 0.09921875
3 0.66953125 0.5859375 0.11875 0.490625
5 0.68125 0.38828125 0.04296875 0.09296875
3 0.73046875 0.27109375 0.1125 0.41640625
5 0.7015625 0.29765625 0.0375 0.10859375
5 0.73125 0.10859375 0.0359375 0.08671875
3 0.553125 0.3265625 0.11875 0.45546875
5 0.55859375 0.1359375 0.0375 0.07109375
3 0.4046875 0.2359375 0.10859375 0.3953125
5 0.40234375 0.07890625 0.03671875 0.07890625
3 0.61171875 0.228125 0.0828125 0.39140625
5 0.60390625 0.0765625 0.0359375 0.084375
5 0.57265625 0.02109375 0.0328125 0.0421875