3 0.4619490490748042 0.8246843932330172 0.20371365671569097 0.3170150395433269
5 0.4784172540723299 0.7335818907615592 0.06107469810012063 0.12410334486680377
3 0.6461237324756037 0.6573656061611481 0.18220158412359666 0.5313030326232446
3 0.7085871901866628 0.49188784479244163 0.1776159034363305 0.44380303262324466
5 0.6765869176854256 0.44797601870871817 0.05524077792830404 0.1020373438782205
3 0.8526869137286968 0.7619881446787108 0.19456438602347603 0.4101920365775776
5 0.8663067576903745 0.6211084766939333 0.05244332654882307 0.1081600098858317
3 0.913532560494765 0.7166318823214212 0.11938067955561209 0.4928825197716634
5 0.937134914067381 0.5340276293556716 0.06255531094499105 0.12260451186299796
3 0.7318830065587207 0.22588084281527526 0.1416230924913396 0.3222808596955513
5 0.7191196556996381 0.33554234429815005 0.04989153663473154 0.11897017589344294
5 0.7406172766851087 0.11872225882288648 0.04718261646291495 0.09703150889724857
3 0.5450303804848675 0.36992129737763024 0.16773629240048252 0.49329369665368966
3 0.584431474446545 0.22799112395564522 0.14202588421445378 0.3597171926993569
5 0.5696972670741702 0.16700454441188076 0.04611808344622812 0.07671900889724856
3 0.37182193181891987 0.2982412514456937 0.15524293645301732 0.4631605276803289
5 0.38765272896910086 0.11517408346091615 0.04669129353213641 0.08765650889724856
5 0.7417028211217562 0.020369590133852578 0.03921298620519007 0.040739180267705156
5 0.6037281083223144 0.09779428798609012 0.04521068068726599 0.08915534190105416
5 0.593800909656367 0.02886252245308617 0.041430583446227943 0.05772504490617234