5 0.6059925341804816 0.962859659024159 0.06775518577927464 0.07428068195168187
3 0.7752187421656966 0.7718824841592353 0.20953409786973437 0.45623503168152946
5 0.7659671230786053 0.6095115086071565 0.06083402372599629 0.11446429328391083
3 0.8441504728883247 0.6902555663190376 0.19989911269848193 0.5405952620657176
3 0.742131739162766 0.3691766852861788 0.17532092395345772 0.4351984339354165
5 0.8017215978697342 0.4913989148677588 0.05834569368794007 0.12998016587924913
3 0.3212064269192072 0.45433535825218596 0.1924394397707884 0.5106895072563941
5 0.29527930239490824 0.2583953756753812 0.05238485376405224 0.09856647477225655
3 0.59878494026508 0.5272198198624166 0.20327878068325944 0.5469543894703792
5 0.578743059809282 0.30340037394610064 0.05356535178688589 0.08924603847458741
5 0.7223564555509382 0.20933789381636653 0.051013354752635465 0.1031994110699257
5 0.5577037065395214 0.20826892322046123 0.052512187756441085 0.10169147477225648
5 0.7091150148287476 0.09497529345354684 0.04706068380210837 0.08277778366526396
5 0.5592251027754691 0.11158489617861925 0.04868685079830275 0.08439484736759484
3 0.7707302885547438 0.2094668685886231 0.12271057710948767 0.369389895460829
5 0.7398583374524299 0.045339881202494804 0.04221667490485981 0.040481156260602245
3 0.4835512821289532 0.16901296106207647 0.1421025642579064 0.30921628729346107
3 0.31598178015178685 0.1537996449126749 0.12007105536065783 0.26631945916315986