3 0.2743525324641088 0.5123716832079956 0.21853890908731427 0.5347517973521849
5 0.23799447240056457 0.30771841645877274 0.059558006492821745 0.10269266046291677
3 0.7921202796214397 0.7878575845724299 0.2261684025944925 0.4242848308551402
5 0.7817986140380084 0.6491955186067406 0.07079551542127546 0.12038958271265762
3 0.8673600129823482 0.7210940973904569 0.22826846509366874 0.55550094499482
5 0.8140053676914564 0.5265778099630695 0.06484552434972919 0.13728598428423436
3 0.6009110783241935 0.572076438789567 0.23484574756107274 0.5745420434232436
3 0.5578063660698986 0.24923609821902643 0.16214108441327343 0.3447774607105857
3 0.534896745939515 0.32310809180888567 0.1707796988616142 0.30302660835322087
5 0.5695581180984935 0.3411153831652145 0.057777318181219076 0.0901198858558109
5 0.5278734042193456 0.23379088068401516 0.05805005357072233 0.10574488585581088
3 0.7313683713449044 0.3986111676971178 0.2052752499967047 0.49041960049533806
5 0.7024643011350904 0.21850413667987117 0.0580773271096728 0.1073073858558109
5 0.5361886903401976 0.12879516563020324 0.05155459172016954 0.09139128742738745
5 0.6825045827917157 0.10360472869815382 0.05150004464226861 0.08826628742738744
3 0.7571790746740408 0.2226137479285762 0.15185814934808164 0.3817680384608447
5 0.7175420560063545 0.053716044661588545 0.04758411201270896 0.04280823821317572
3 0.29202167897611186 0.18299455231458364 0.14416265178371362 0.2986644400324213
3 0.4622523583592608 0.1862394844891221 0.16200471671852168 0.33696496071058574