5 0.10682716666029643 0.9100322205110872 0.07650085779368573 0.10870536660488846
5 0.42650262982859355 0.9097841615332619 0.0882419945971538 0.14965774881887342
3 0.2848365875234572 0.7050024362128511 0.23801083632347533 0.5525149087076731
5 0.3167522583866179 0.5050743580825501 0.07005343671876343 0.13187004809323427
3 0.7841400955571394 0.833362982955323 0.21914192605424548 0.28209328130301115
5 0.7999162849773259 0.7766764733366761 0.08061150512049746 0.1525099303072192
5 0.8030167111021586 0.5761953236994959 0.06776289462538862 0.11931548439090349
3 0.5209498508188112 0.8409944667980722 0.18651143657758915 0.28407244355406325
3 0.5290640006352845 0.6481348442027339 0.20885541538972738 0.4267510168750409
5 0.5194853323323725 0.7724354397562302 0.07804794724210709 0.13526786660488863
3 0.42188780844308765 0.5606571807705555 0.21898782053845983 0.5471726442797028
3 0.44532312137138835 0.31892354855657035 0.16877790500755802 0.27409724282842385
5 0.4616082740304591 0.34720231597976553 0.05885833148532651 0.10029266587924912
5 0.4636096607633401 0.23252225708675808 0.048846294653623626 0.08902778366526395
3 0.7741691872128736 0.36201626181126356 0.16481698905313316 0.4470436695074461
5 0.7919922659967771 0.18986844329960925 0.05527830517696728 0.09237103847458741
3 0.696037210960984 0.4317955376719792 0.19210753114650814 0.46047125244707077
5 0.7291590660532468 0.2513168639881818 0.051789284130279965 0.0860119110699257
3 0.6120394554875508 0.21408473721649224 0.15345528384793106 0.38583335099579186
5 0.6410051606221657 0.07819187723502569 0.04792083148532651 0.0999107199629331
3 0.6509661766189427 0.2953694535512283 0.16630389434304008 0.41902779691210784
5 0.6890639580477995 0.13654752505810747 0.04553928413027997 0.08579365626060226
5 0.5561864847090947 0.5037300797747637 0.07106990514873246 0.12254961179556503