5 0.9178853863418212 0.92270225067943 0.06429993676633501 0.1538241225281606
3 0.6931542990494627 0.8033479651805859 0.24941062615356344 0.39330406963882825
5 0.7152667358157976 0.6801712712104488 0.06874760487264701 0.12613616510280767
3 0.5360939682355091 0.8439076271813004 0.20816626002214916 0.3121847456373992
5 0.5402085741878903 0.7668086216949815 0.07267364126984148 0.13885468639013113
3 0.5031414797988178 0.3655631959485121 0.16437429210040727 0.453255675998571
3 0.4800706269287557 0.1622689511442922 0.1367943028977489 0.24133483020561536
5 0.5088371745847172 0.19096203369569603 0.051120013879660677 0.0937935586661903
5 0.48140139188815045 0.09251917985696873 0.04633238433001132 0.09190327673520511
3 0.7627958844868947 0.3303569415090366 0.16124929210040725 0.4530371547112475
5 0.7642546622462161 0.14839674732523536 0.044169107032115386 0.08241901609154337
3 0.6448969856589141 0.3087718825907448 0.15027461443337095 0.3060528940675857
5 0.6421608143133993 0.21676469905060528 0.04587130937615384 0.10898151609154338
3 0.6251306940199323 0.5804829916252523 0.2072603038205994 0.588471910159129
5 0.6320069594407522 0.33847580808511263 0.04905686613141391 0.08587179802252862
3 0.44227502853451356 0.4091768021330279 0.1581476711886312 0.2832709579295562
5 0.44485741286452496 0.31989578084570447 0.049557513879660675 0.09368429802252862
3 0.44374338680324665 0.712231656262294 0.22258491517165152 0.575536687475412
5 0.45136132942967766 0.5000585282478144 0.0647610117201923 0.1367458831718224
3 0.20102376311369347 0.6347948891239071 0.1933189173311199 0.5408320856534969
5 0.21360980799187787 0.42614650880207633 0.05857156847545246 0.11298060124083728
3 0.8383747663528961 0.7197675997774041 0.20221185841639136 0.5604648004451918
3 0.8390196206072342 0.4267181253012778 0.17092707587670822 0.33705152179152653