5 0.7718602733060667 0.8836702983495479 0.08860619665368966 0.1441149823325695
3 0.5614427436485714 0.7478094527942009 0.24923326783167815 0.4850335359035419
5 0.5340950405690912 0.5756259814795481 0.06871019072219049 0.11555357123840278
3 0.44270201391452646 0.8467580587018746 0.23046472729976805 0.29259146276527803
5 0.4408729170705564 0.7826773749062844 0.08529019566510639 0.13935474715020835
3 0.8869674187448056 0.6633188179168397 0.22606516251038897 0.5428096683123613
5 0.8594213513297753 0.46092116974045066 0.06226918973360753 0.11072060087368066
5 0.8364374960828483 0.3574513308346174 0.06689302273741297 0.10926720364722228
3 0.6892016932308296 0.5055466047703119 0.21074377079742773 0.49818684612402786
5 0.6618394026989194 0.3138136996600689 0.058571186767857955 0.09658536569131951
3 0.6951692144481868 0.21571004008451364 0.1959517589344296 0.4314200801690273
5 0.6575883014063251 0.22867563345565917 0.05601918973360753 0.11057513050895836
5 0.6666091798477757 0.04704377374826333 0.05369268577927464 0.09178876291777782
3 0.5726747905319101 0.18644142059347202 0.15784958106382022 0.37288284118694404
5 0.5369707593915402 0.037794806944183815 0.0503766847906915 0.07558961388836763
3 0.5299063117864484 0.2809128935236454 0.20322043087353983 0.46679137575930574
5 0.49892427273741297 0.09630215739135375 0.04999468281352506 0.07765352773541671
3 0.3684329595052709 0.19474227023288165 0.17414574311709882 0.36620949430041677
5 0.3411780983268448 0.06322016650940945 0.04855951680591399 0.08074216014423614