5 0.29799583898483667 0.8872646722683655 0.07291295680654794 0.14326794108527138
3 0.40313596110196104 0.7094679441675904 0.20686739145054286 0.5598522686600227
5 0.37900466304726893 0.5015855929955713 0.06419969810012063 0.125579793337025
3 0.5812963398893478 0.9099314142488009 0.1672228787873868 0.18013717150239827
5 0.590101451829707 0.9044263980527883 0.07981805404758599 0.1561684592838688
3 0.6182862483025193 0.6399423958933201 0.19201259610938415 0.42497662091177607
3 0.6737870550636387 0.8460883609634559 0.1818320126631562 0.30782327807308824
5 0.6478619629109834 0.7734255243632353 0.07291295680654794 0.14326794108527138
3 0.8757280133405245 0.8217275134920644 0.21085112731704864 0.3565449730158711
5 0.8641177267057933 0.7249937260889648 0.0761198439616777 0.1450307001845701
5 0.8605788896415205 0.5534691795127374 0.062227762324472025 0.11766716378737563
5 0.6046254607632768 0.49813562769472275 0.062391536634731536 0.12079216378737563
3 0.4983179070543751 0.5645139944444456 0.19116714834794787 0.5277011027131786
3 0.4515237149471483 0.384767135252862 0.16587281999010237 0.3719121776670361
5 0.4765713025772479 0.35756308759690036 0.05351450361804453 0.09997901603912895
5 0.4390126696059896 0.2500416818290893 0.04348440637700666 0.08687823874123302
3 0.7802761567156908 0.35833834977851803 0.16059217774659018 0.4494364003691403
5 0.7565885939616777 0.1886371190568495 0.05014384215265544 0.09509125693983034
3 0.6505167356393631 0.30408404148209833 0.14160316033373554 0.4139599753229978
5 0.6406017458161285 0.14460891193244904 0.04471935775648763 0.08072836829088237
3 0.5865527329258298 0.22757280382059952 0.14637919154139994 0.386235493521595
5 0.5707119696968468 0.08874084129752824 0.042413229307785016 0.09615310919158371
3 0.7201851837394838 0.43001428824289584 0.1682409034363305 0.44681204811738695