3 0.3094462977048738 0.8699371793163031 0.21146165188677948 0.24115287650146522
5 0.31359424010388415 0.8346535953239144 0.08092705423577744 0.15311968281352514
3 0.42992158524760377 0.7253502380998208 0.2274122269722394 0.5211587114824372
3 0.46414713572245747 0.5413598986702246 0.18455948574772804 0.442940869581383
5 0.4198886703621936 0.5337994080617647 0.06421091567683294 0.11498301285158127
3 0.895722429995612 0.7539700562376979 0.17209292649738578 0.33630886760421674
5 0.9085383302330389 0.6621499707624343 0.07564852084968265 0.13261618182494211
3 0.6320547350893192 0.7779791950964527 0.2155534214828208 0.3817778765014651
5 0.6236094007661522 0.6659566975679108 0.07431334138279588 0.14036501482874755
3 0.758465437055241 0.509859253385679 0.19874165769276714 0.5012627055509382
5 0.7413785401165194 0.3193761748304977 0.05121081050398359 0.09728617688202616
3 0.6206652233443297 0.36487170003936864 0.169207270387464 0.45167919961943925
5 0.6171407212327586 0.1910031185184378 0.04937552586424747 0.08784750988583175
5 0.5852518752311091 0.1337782089366172 0.04817673871722903 0.10028384288963736
5 0.4430714207579049 0.38069165410743205 0.05442673871722903 0.10053851087441501
5 0.7339274044605689 0.22682126030576125 0.05598923871722885 0.1006021778706093
3 0.6741779829112412 0.15018043623638525 0.15789403417751763 0.3003608724727705
5 0.6588748948271504 0.004167599278246939 0.04162521034569906 0.008335198556493877
3 0.5063312533652123 0.17627470403088238 0.16233749326957536 0.35254940806176477
5 0.49867318072052785 0.008977116084160906 0.04015363855894431 0.017954232168321812