3 0.21830707988545983 0.8424228075743757 0.18793854137490715 0.307322662371395
5 0.23336046256368653 0.7571847443426593 0.05777723201781733 0.13157725292686617
3 0.4882923158816418 0.8689751754536019 0.1873567387014529 0.257322662371395
5 0.4974951405554142 0.816581428478664 0.06569882001909004 0.1409977047222643
3 0.3461070052514583 0.6010705788480064 0.15283847740290585 0.5133544937534842
5 0.3538847846117298 0.40260126259122775 0.05125451201463571 0.10810339149054773
3 0.5661109699236399 0.5591683833973201 0.14680555872054307 0.3977022226762452
3 0.5843047972231414 0.8082644135497452 0.1543817013844521 0.3774351744716434
5 0.5786371472390498 0.6911178201656035 0.06093859468490823 0.1347204336450254
3 0.741708764560823 0.7753195824622436 0.17856463605981537 0.4416340298578376
5 0.7504399692473221 0.6291849258463854 0.05944882001909004 0.14096134328594587
5 0.5740063806095026 0.4177257719610017 0.051272693348181166 0.10966589149054787
3 0.8143201085694136 0.7116201759445813 0.13941232407699644 0.5679601805217676
5 0.811524014600594 0.48196449220136 0.04967383068109008 0.10653180113146803
3 0.4590984485996394 0.49104561817381376 0.14015666406745136 0.4976567708808471
3 0.4370705492918655 0.3029052687395478 0.13032603604390705 0.324173819085449
5 0.47006486262731995 0.28708937119887584 0.041643154678545 0.08773634933607007
3 0.6957273866168204 0.36311501913233124 0.11740896005727013 0.4225295058537325
3 0.7730080492918655 0.30095084153743 0.12222372939208821 0.43349427693097137
3 0.5979545999761375 0.1738066299303766 0.11501011871417965 0.3476132598607532
3 0.6533228052991834 0.24774454918656055 0.10138397071927016 0.38806360226293624
5 0.4447386933084102 0.18099390730322934 0.035265885343726745 0.07676248789975157
5 0.6010806946610457 0.03892283026234158 0.03373974801081765 0.07784566052468316
5 0.7796682239815462 0.13139232046019114 0.04162497334499946 0.08617384933607006
5 0.7024057426400467 0.1919939980550924 0.03373974801081765 0.07987839754067197
5 0.6676500293205005 0.09064057631392361 0.03368520401018138 0.07519089754067196