3 0.3096769674335392 0.8602010236069362 0.21983662369900409 0.27959795278612776
5 0.31220110187513544 0.8001644129000658 0.07266729534115868 0.13819722099021767
3 0.5837695646745772 0.8807094866340588 0.2154014292169281 0.23858102673188233
5 0.5834519821328602 0.8486753205384598 0.0810530054270668 0.14958974729857683
3 0.3964488698538169 0.6391729759695408 0.21008092265820738 0.5309601156156063
5 0.3712054511523384 0.4398709259836583 0.06198210085908258 0.11265118942018652
3 0.6071949400710619 0.5883594468185842 0.19004066033373554 0.4160785682605598
3 0.6685706105815628 0.8196046576383939 0.19530801447217847 0.3607906847232122
5 0.6421165739468313 0.7196850415286774 0.07595606965141818 0.14150423151356134
3 0.8192389959276702 0.7830293917827913 0.22703604929788748 0.4339412164344175
5 0.8020437726127788 0.6503343440042215 0.07472111827193721 0.1476632262518894
5 0.5919716525318194 0.44649817051022495 0.06214587516934209 0.11577618942018653
3 0.8803159367917015 0.7193571522708414 0.20209136024287844 0.5612856954583172
5 0.837850718565193 0.5013199913310334 0.06041960085908258 0.11256018415851479
3 0.490924808908826 0.524730315347375 0.19519955110690984 0.5145160682605597
3 0.43747118102595034 0.3370259180205633 0.16579757688750743 0.3398954998588256
5 0.4669572851643933 0.3200505206231644 0.05162445499752551 0.09335515785015547
3 0.7033761420163698 0.38756205724310583 0.1629801933504222 0.4347529735504664
3 0.7692224700355309 0.32129929138750307 0.16988529059146024 0.4476169945971538
3 0.5746735306418376 0.20560015472520937 0.15247206128367524 0.353138952503779
3 0.6413121540021575 0.27334836782291927 0.14399117593756774 0.3993769156720761
5 0.42405273292582973 0.21474139434304002 0.04471935775648763 0.08049113680346806
5 0.554309041723114 0.06967036000099865 0.04299308344622812 0.07727513154179624
5 0.7478786572815178 0.1518212492941283 0.05154256784239593 0.09179265785015547
5 0.6810873049520971 0.2149135125188951 0.041758132066746965 0.08343412628012441
5 0.6299165513340524 0.11535385729957555 0.04307497060135788 0.07883763154179624