3 0.6660740218540004 0.8220983765512575 0.23144349527549454 0.3251604390337981
5 0.6834673637792996 0.7379135931651626 0.07473215988879929 0.12860838479802067
3 0.802018956337571 0.7735662851684615 0.23767862630835346 0.41431386724704333
5 0.821326973127794 0.63223659151581 0.06157739546082901 0.1094946719450391
3 0.47341775198373454 0.6798978193459793 0.2551092068857253 0.6005696159934022
3 0.5530804262156861 0.4977097934817317 0.20710323810391848 0.4774216210079672
5 0.5081746647829408 0.4434913064138555 0.06464783175849824 0.10802310015828454
3 0.7291220818433162 0.4104729032734348 0.20052585588993316 0.4678647645814763
5 0.7526711653310949 0.23382783524760375 0.05472719473518968 0.09212531551854844
5 0.5740947867453069 0.3156641716158348 0.05796132213985139 0.09534124373179384
3 0.3906572933687288 0.3702704182506225 0.19847228256895572 0.4537568004748538
5 0.4176041953681618 0.2013469220115462 0.05483632213985139 0.0952503155185485
3 0.2735218678708329 0.3079870300873896 0.19016870924797794 0.4394669799417403
5 0.29451887023308554 0.147839140274804 0.05192957694917481 0.1014093873053031
3 0.3434672909216581 0.20585021707612355 0.17775798928504488 0.39696123119538146
5 0.3602133029025577 0.058338719583406015 0.05160219473518968 0.09203438730530311
5 0.6192683882892529 0.24318376636384303 0.058561522865490725 0.11252874373179385
5 0.627167679126093 0.1334677855641729 0.0498760036281972 0.08730142319868044
3 0.48051342313564327 0.21124710774663896 0.1750149352013608 0.4078078029821362
5 0.5018105258607156 0.05969296793405339 0.050094258437520446 0.09355142319868044
3 0.6721999261308682 0.17102658768837925 0.1525744508104573 0.3420531753767585
5 0.3277779028868592 0.9210947838483132 0.06577382213985139 0.09556856426490726