3 0.8839729329985989 0.7837350051878416 0.2252056310983 0.3806944724100038
3 0.8911496164159916 0.5009944270575405 0.17877158684648684 0.4555109339354164
5 0.8896706612869771 0.6708530592715256 0.07344611621110389 0.1367212392002269
3 0.5498355274980808 0.8173139193378102 0.22160544209933591 0.33688990870767277
3 0.590451911286977 0.6813020082678845 0.20940515673886323 0.4768601442797028
5 0.5566248748930469 0.7278694734214941 0.07500861621110388 0.1367758029025577
3 0.7428149319651415 0.6931968291417914 0.2450216331652145 0.5717014183263197
5 0.7693088496667684 0.47238333213701633 0.0646147717116218 0.11457342068857254
5 0.6029047537195444 0.5118426801375833 0.06646837014004525 0.1208779843909035
3 0.3040798019002989 0.4299404380269497 0.18684095202413334 0.49479168874473983
5 0.3188571236547018 0.24318448249198682 0.05465757485477489 0.10174603847458741
3 0.5186560322555918 0.5006993382122842 0.20846339495203878 0.5236260168750408
3 0.5344821236547018 0.23565469157032873 0.1461644863511488 0.25781747840045355
5 0.5293815547957831 0.31095479193314846 0.058728644747150935 0.12216766587924913
5 0.8966803707592177 0.33412438558772817 0.058073673283198346 0.10810516587924912
5 0.8968173037623257 0.20265613077840472 0.05280397642635144 0.09544147477225648
3 0.7776670434232434 0.201072621603471 0.1547133486333113 0.402145243206942
5 0.7815261358558109 0.032430504408019326 0.04077485731976367 0.06486100881603865
3 0.6765712320079227 0.3965872131698751 0.19952504259467396 0.5326736346610559
3 0.6891460448709855 0.14574147578374685 0.13573210049533807 0.20129465988879933
5 0.6876220862273144 0.18022560318840858 0.04916955417661058 0.0843948473675948
5 0.693103644747151 0.09630447097442343 0.046699525640563164 0.09834821996293311
3 0.5578575035146567 0.1158952630772079 0.13696926881613755 0.22785715988879934
5 0.537874643299409 0.15728415490983988 0.04455482878371626 0.08579365626060227
5 0.5658840192304224 0.0530133171608919 0.047825377997927986 0.08902778366526395