3 0.4163906348918222 0.7937988464638679 0.240784288782438 0.3970354390337981
5 0.3963094289897854 0.6793642734234719 0.0792448439616777 0.1427163489046432
3 0.915073880596409 0.705017210478713 0.16985223880718187 0.4369784774344577
5 0.923222731794176 0.5662274951184492 0.0783440852552502 0.1255288489046432
3 0.6766863257558536 0.7142404124446348 0.23879906490171976 0.44846154671392996
5 0.6494986267512218 0.5687149637774183 0.07710913387576941 0.13173338479802066
5 0.7031779839418826 0.8464846111118511 0.09083744120271575 0.15553459765100194
3 0.7589411465389256 0.44738186988733986 0.2205337437799635 0.4869330133278352
3 0.7659580291714996 0.3274641749810471 0.20352330619529263 0.43027383636823097
5 0.7312068136585244 0.17198706479363265 0.058283890773174286 0.09998327962517113
3 0.6377135204650722 0.31398199967079565 0.1850189676606817 0.43441576708875884
5 0.614066901288624 0.14644515868371105 0.05294129353213641 0.08734688730530311
5 0.7239918571906607 0.2582655455933028 0.0547494549975255 0.09207985141192579
3 0.457518087402957 0.38416778219896064 0.1820157191310198 0.2580351235152496
5 0.44836441542211813 0.31401440657214 0.05828389077317446 0.09998327962517113
3 0.5099624932141367 0.6682328936400163 0.2566969730877487 0.5815922954602886
5 0.4691416621427578 0.44173022961253594 0.06823210085908257 0.11119356426490726
3 0.5760147026226765 0.22657893956252342 0.1548534328349728 0.36489287727617326
5 0.5615283994796016 0.09946251009563686 0.05227955223856355 0.10448892319868044
3 0.5032964976251508 0.14620609560593806 0.16284299525030158 0.2924121912118761
3 0.6606619402982046 0.12044992616818131 0.15882388059640906 0.24089985233636263