5 0.6478197980652076 0.8899069879752659 0.06562761284152785 0.13838018198597268
3 0.47202363032152717 0.7342343861849379 0.168722777354167 0.4788630845145814
5 0.4824013519205203 0.5564901179863405 0.049420731382639006 0.11237888648947951
3 0.3309245452154159 0.8306459161037274 0.18183710714194473 0.30496450956072396
5 0.34604235857003407 0.7508885649317081 0.062429877659166785 0.13505492288667434
3 0.8202981293715966 0.6853930613879639 0.15902177545430582 0.5312871776670363
5 0.8266429676118399 0.47982418183831455 0.04306162860909737 0.10729086829088245
5 0.8267540300165275 0.3745056261627885 0.04923889342673604 0.1045663864894796
3 0.6497713430868052 0.5044200709486878 0.1283887180836114 0.4887597162236991
5 0.6652002405976039 0.3107504141011426 0.04273432028847228 0.09322836829088228
3 0.7205254798640276 0.21445971160022062 0.12239198480111142 0.42891942320044124
5 0.6796459067257636 0.22635562770394801 0.03837412860909737 0.1069904796419344
5 0.7282866945291666 0.04693943553894238 0.03953658510611113 0.0899031091915837
3 0.6077540293509374 0.1789919821889989 0.09324869224805585 0.3579839643779978
5 0.6049589505130901 0.029172454891102966 0.036266114741388834 0.05834490978220593
3 0.5430537900845136 0.263191898523439 0.12609886626000044 0.4574095866740498
5 0.5536497172305902 0.07607263032484168 0.039172909194305564 0.0742781091915837
3 0.40428419044510405 0.16868838872738973 0.11439634042444471 0.33737677745477945
5 0.4058493032866319 0.03164946368124719 0.03612064437666671 0.06329892736249439