3 0.7753379285657795 0.8205729951282261 0.1561092727248763 0.3508726744716434
5 0.7819543469918798 0.7072417481532882 0.055143241882325354 0.11593407220870695
3 0.8554288031603899 0.7536940464560861 0.1552752499967048 0.48210449375348396
5 0.8344599638758528 0.5819235855855016 0.04768529788867966 0.13620112041330898
3 0.22836787661991015 0.5049728045493137 0.1497616355483639 0.5242556323171655
5 0.22386378855318875 0.2916960997288535 0.04544095941492108 0.09712953005422928
3 0.5989861140380084 0.6098587298065239 0.15524006817792363 0.5695954033944044
3 0.6061580913131323 0.25978146175434713 0.11545699918592582 0.3490738251355732
3 0.5616013421239112 0.3928666725267357 0.13206384658813802 0.4054147287263694
5 0.6033797390396561 0.369183732831586 0.046785271103318496 0.08463862041330898
3 0.7606252232113435 0.4253059469236242 0.14121274999670472 0.4820226805217674
3 0.7471728291382677 0.19176673907810196 0.1196342102256999 0.2303601865718917
5 0.7542410353067779 0.2386053776417835 0.042370506492821744 0.10023634933607006
3 0.517185320209814 0.1771793422152962 0.11559336688067745 0.3543586844305924
5 0.5651785353067779 0.2397053110904172 0.042343232953871456 0.09867384933607007
5 0.5153755840095317 0.028630485316570874 0.03541139448011297 0.05726097063314175
5 0.6015097272718286 0.12776384729296658 0.04048072402541756 0.08147725897699046
5 0.7498381331160272 0.12065026318040291 0.03891822402541774 0.08146816861791083
3 0.8110404602256999 0.22499232953537746 0.09960590259449242 0.4255363311856974
5 0.8025716209411626 0.053149145792156106 0.035793224025417826 0.0814499878997516
3 0.34177621712555883 0.15349614207972295 0.10222061363426657 0.3068136022629363