3 0.28134131924878003 0.8645168729730528 0.20969133134415213 0.25028419236879246
5 0.2911937323606074 0.8159566420477763 0.073451452503779 0.13552048863591432
5 0.028932646434916824 0.8801045113640857 0.05786529286983365 0.15605117694751697
3 0.833062713944756 0.8119614740320081 0.22636216282947857 0.34891260714144473
3 0.8649251769012916 0.599901804795129 0.19684126280124375 0.37805463636243813
5 0.8575460454300824 0.7131966915646041 0.07813895250377918 0.13560230925276534
3 0.6845026585560271 0.6826575779270423 0.21278405219319546 0.46418305113509034
5 0.6716701876363966 0.8225831485438932 0.07593941567207611 0.12463753571381489
5 0.8832341030967111 0.47314839002247666 0.06096686305535783 0.10876707386326175
5 0.7035319215690324 0.530136549923865 0.06591196828879457 0.14007162094116268
3 0.49142822176667655 0.7414400629095086 0.22434317847331986 0.5018466923687924
3 0.5202790767883521 0.48728835105895546 0.19383808916607279 0.3264921363624381
5 0.5214250768589391 0.5614116436726293 0.07134292093374803 0.12611821509696383
3 0.5078231213713884 0.32595143060426024 0.18063941012805565 0.42147735389503405
5 0.5445803977503347 0.39164856859155145 0.06481990514873245 0.1213216209411625
3 0.7451102897448875 0.2718603997617093 0.17438941012805564 0.42136825973923264
5 0.7692820790662521 0.11144505114168105 0.050226784130279964 0.08516593262955983
5 0.5344296659544246 0.16393267167580652 0.049953768345264396 0.08047843262955987
3 0.38411885281436253 0.18924195779336328 0.13801229437127488 0.37848391558672656
5 0.3994161710749223 0.02012376501753369 0.04491765785015547 0.04024753003506738
5 0.5521246711455093 0.08791959659472862 0.048391268345264395 0.08045115909060951
5 0.5398136579207427 0.02279588738003081 0.04381018415851479 0.04559177476006162