3 0.36328125 0.30546875 0.12109375 0.4609375
5 0.3671875 0.11953125 0.0421875 0.0890625
3 0.775 0.81640625 0.16484375 0.36640625
5 0.77421875 0.70859375 0.053125 0.153125
3 0.58515625 0.87890625 0.17578125 0.24140625
5 0.58828125 0.83203125 0.0625 0.14140625
3 0.953125 0.79765625 0.09296875 0.4046875
5 0.9796875 0.6625 0.040625 0.1375
3 0.50078125 0.7765625 0.16953125 0.44609375
5 0.50859375 0.61953125 0.059375 0.134375
3 0.44609375 0.478125 0.1390625 0.4890625
5 0.453125 0.27890625 0.04140625 0.08984375
3 0.7890625 0.4234375 0.12734375 0.46796875
5 0.79296875 0.23671875 0.040625 0.09140625
3 0.56328125 0.3828125 0.12109375 0.4703125
5 0.5640625 0.1953125 0.04140625 0.09453125
3 0.50078125 0.21328125 0.08828125 0.33671875
5 0.50859375 0.09375 0.0375 0.0984375
3 0.73984375 0.19921875 0.09765625 0.37109375
5 0.73984375 0.05546875 0.04140625 0.08125
5 0.9734375 0.946875 0.05234375 0.10546875