3 0.57734375 0.87421875 0.17890625 0.2515625
5 0.5796875 0.81640625 0.06171875 0.13359375
3 0.753125 0.81796875 0.16953125 0.3640625
5 0.75703125 0.696875 0.05703125 0.121875
3 0.21875 0.653125 0.13828125 0.540625
5 0.23046875 0.4359375 0.04765625 0.109375
3 0.471875 0.72421875 0.1640625 0.55078125
3 0.46015625 0.41953125 0.13125 0.2703125
5 0.47890625 0.51796875 0.05 0.13515625
3 0.8765625 0.721875 0.13828125 0.55546875
3 0.87265625 0.425 0.13828125 0.34140625
5 0.8796875 0.50703125 0.0484375 0.12109375
5 0.88203125 0.30390625 0.04453125 0.09609375
5 0.46328125 0.328125 0.03984375 0.08671875
3 0.66171875 0.603125 0.14453125 0.6046875
3 0.684375 0.31171875 0.11875 0.3140625
5 0.665625 0.34765625 0.0421875 0.090625
3 0.53671875 0.36875 0.115625 0.46171875
3 0.51953125 0.16953125 0.11484375 0.259375
5 0.53828125 0.1859375 0.040625 0.09296875
5 0.521875 0.08515625 0.03828125 0.08984375
3 0.809375 0.3234375 0.11171875 0.45703125