3 0.2922669225874891 0.4095707549372455 0.22770840398316752 0.538417359653009
5 0.31642364128447775 0.20444316394425907 0.061304576949174815 0.1037047933370249
3 0.7141742159562179 0.764636877703948 0.23211810707105976 0.3968306369509049
5 0.7468006882814037 0.645096333287189 0.07284227767481415 0.1215932001845701
3 0.8076042682258034 0.7046227251753394 0.23588300253188876 0.5046431369509049
5 0.8141295428205748 0.5327279387781448 0.06719247840045375 0.13838018198597285
3 0.5933805332019279 0.5343462052786991 0.24469749654143894 0.5784811551495022
3 0.646366601628764 0.21305339374307697 0.16803575970346482 0.3475129549649322
3 0.6017014315731638 0.2793385302325566 0.17593753974053178 0.305926232262828
5 0.6299727645127883 0.3041487631136935 0.05930556733052796 0.09110466378737563
5 0.6213293960938012 0.19116790176264148 0.059851204353836354 0.10672966378737558
3 0.7716369640573013 0.39216229796972857 0.21368062031790344 0.4938663232558144
5 0.7959127338427492 0.21286602175156683 0.0599057680561673 0.10829216378737554
5 0.6601339465492881 0.09158940392210979 0.053110131032858734 0.09226664558877826
5 0.8098710517214313 0.09687078193059963 0.053001003628197194 0.08914164558877828
3 0.8543973564380873 0.21039921884920534 0.15999013592700004 0.4207984376984107
5 0.8648834447351896 0.039155873306569604 0.0497668762235353 0.07831174661313921
3 0.4054191646981227 0.12219876773717195 0.14833832939624547 0.2443975354743439
3 0.5714633161494016 0.1515672902547059 0.1679266322988031 0.3031345805094118