5 0.26162439221115014 0.8253958717552369 0.08616073320977699 0.14204322402541783
3 0.425706739578745 0.7772469237044014 0.2431300181409853 0.4336694366867498
5 0.46364822759784535 0.6297991793864443 0.0663740228654909 0.11202844155801372
5 0.8541864367610053 0.5136739784962352 0.06804565027015244 0.11518071509696384
3 0.7876164625369029 0.7654643494373976 0.23882446405730134 0.44452511606989875
5 0.8242955509188231 0.6094501286583909 0.05990576805616721 0.1056693474022122
3 0.63254456053747 0.6003047739492827 0.21131951215053563 0.5065069188298421
5 0.682279209626496 0.40580475162814833 0.05968751324684405 0.09941934740221221
3 0.752450355087325 0.2968331262227589 0.19151295443865451 0.43120690990138844
5 0.7188739632546931 0.3192808705407161 0.05861608656782167 0.11345457386326192
5 0.7846329164274033 0.13543197606060314 0.05160219473518968 0.09147047970746054
3 0.5679290221477006 0.32660026704942385 0.20543161069925678 0.4720500982129912
5 0.6096329164274034 0.13848661242304122 0.05111112141421188 0.07740797970746054
3 0.4390451087155222 0.21641851786020277 0.1829911263083534 0.4107580422066367
5 0.46713044709744234 0.06055430154542283 0.051383939925866075 0.08522047970746054
3 0.6444220894782285 0.2378184107187579 0.1577183077966991 0.4025091655834313
5 0.6653397686043215 0.08598317532925448 0.05154763103285873 0.08990797970746053
5 0.6455381892928941 0.026990004874559253 0.040699411069925695 0.0475568384737585