3 0.7560697390464334 0.7433883127676273 0.24082150910469302 0.5132233744647454
5 0.7601792628656167 0.5586992951827262 0.06269387978345584 0.11786742288667415
3 0.9185360174844703 0.8410776920081222 0.16292796503105933 0.3178446159837557
3 0.8883868308914475 0.5965473534791459 0.1722700859060126 0.5069880845145814
5 0.9339446864600085 0.7686819717700282 0.07146112602253182 0.1511805706349209
3 0.6036758279219467 0.8934948858711709 0.2039674006331383 0.21301022825765834
3 0.6121522544858395 0.7761018807816544 0.1987129139609735 0.44779623843669114
5 0.6007266726699549 0.8674165538205996 0.07288723370266403 0.1465932001845701
5 0.5998615399835054 0.6232858220191968 0.06448370031656907 0.1257800524363235
3 0.28011968982522084 0.5419719586655599 0.17861101411925792 0.5105136027131787
5 0.2714253367639424 0.35036544956626126 0.051392666930474284 0.10466651603912895
3 0.8571438764182435 0.3535890954595814 0.15721207257817732 0.31107480721668546
5 0.8695589598834805 0.4050712523071266 0.05474498746358769 0.11267927513842757
5 0.8543023697543258 0.2559328454595814 0.05116534639736088 0.09685401603912895
3 0.5127563450772127 0.6044473820136596 0.19532715267820233 0.549014898209672
3 0.5148594365265156 0.2747296036360294 0.14551370612255674 0.39142364126984164
3 0.48832568025830947 0.32761477174234155 0.1436209340192331 0.272773770819491
5 0.4967579573761981 0.4030152899409389 0.05671666442319179 0.12684190468807693
3 0.6621078242275301 0.484572577879293 0.184707901424561 0.5592514913621267
3 0.6447455133278351 0.23626548580657233 0.1356265775927424 0.2660231230712443
5 0.6421888146606187 0.2555964767072737 0.047767561757624755 0.08727875693983034
5 0.6387479144231918 0.16414016193244904 0.043580166930474284 0.10416586829088237
3 0.4557906619159093 0.1742499398486538 0.11470632383181863 0.2974338093761538
5 0.4819416364473733 0.2422081978682183 0.0431255258642473 0.08854086829088237
3 0.7467853864473734 0.25918015653377824 0.14669577289474667 0.43204864126984166
5 0.726204798825501 0.087866361037285 0.041335705331134065 0.08062823874123301
5 0.5058983105039836 0.12755421498708142 0.046159597651002214 0.085616127390181
5 0.45003710391920826 0.05691224552417982 0.039045779625171126 0.055528109191583706