3 0.27013090851887533 0.8076550548077925 0.1871895711779886 0.34962793144645266
5 0.28257651178863596 0.712522871267653 0.06354252965749527 0.14466764381548422
3 0.3997467657429687 0.6856329533148537 0.18254978661475843 0.579894585653497
3 0.4418347425484452 0.3983461207634499 0.15113005437207466 0.2676459579295562
5 0.4221960631949611 0.45970423784372894 0.05439302273741298 0.11130884059717552
3 0.5707503324351519 0.7523566415465703 0.17924441999912483 0.42230060694082033
5 0.5569040552491147 0.8818638250867098 0.07030186562705029 0.15760468639013112
3 0.8462623269979446 0.7587987576184432 0.18339340912471008 0.37117514951546726
5 0.8540031842220379 0.6452989863311197 0.06140702669174587 0.13049588317182242
5 0.5811678620926471 0.6114038596155851 0.05984452669174569 0.13038662252816077
5 0.4522085098486507 0.3158231978669721 0.04275518577927464 0.09335651609154336
3 0.7271581358186434 0.48901577136419805 0.15554693482787255 0.49075567599857095
5 0.7420204263505535 0.29633659846772026 0.0460075197716634 0.09670003737886682
5 0.7611471111412451 0.2093064920311029 0.04769735376405215 0.0999342980225286
3 0.6315312539171517 0.3313285935240417 0.12363108996106895 0.43399222376899793
5 0.6524061225099516 0.1631577477310861 0.045625517794497125 0.08732503737886685
3 0.6015174431564675 0.22670107768459985 0.09831807216657182 0.3480875747577337
5 0.6227942183653384 0.10602259092615166 0.04001218775644091 0.10251299480421991
3 0.7154446333843665 0.13289553741730414 0.12041856524648953 0.2657910748346083
3 0.5516858809129085 0.15194028637046067 0.12475323817418307 0.30388057274092134