3 0.24667226861872948 0.36480532444049013 0.17858281739336085 0.4502654813887502
5 0.26887562730745573 0.20325139433286626 0.049637468013999354 0.10538101282028159
3 0.785849115889596 0.8293644381703945 0.21372033871736135 0.3412711236592109
5 0.8013388505729134 0.7283222464808341 0.059085193348181166 0.11206766046291676
3 0.6376292445496873 0.8743815316364192 0.21103059603754382 0.25123693672716174
5 0.6547536572247322 0.8309292080199894 0.06873291335136286 0.13594180810555195
3 0.7071274159373211 0.494903970840271 0.17580326273072444 0.47980743217453836
3 0.7838557373090466 0.2155118773742463 0.13007149737427087 0.3074572431755744
5 0.732692131962138 0.31318308994685884 0.054215880012726814 0.09622433664159917
3 0.4447797679026408 0.7253018686923032 0.21595664274345094 0.5493962626153938
5 0.4839802699315941 0.5267210893276862 0.06540791868236298 0.11860875889134022
3 0.3551109299411391 0.45036829693790015 0.1724964493952698 0.46403688296032664
5 0.38053928596436526 0.280366166044488 0.05428860534690845 0.10247433664159918
3 0.32835007729950155 0.2646469667064418 0.1592510147199066 0.39939218610347993
5 0.34873639731859163 0.12489526199171205 0.04794769867918127 0.09437073821317572
3 0.5347609725891399 0.5963101513621796 0.1855600707351787 0.5130565798171738
5 0.6004517966263655 0.32500238564641387 0.054452237348817434 0.11653683664159917
3 0.4618347392982288 0.2802441956139926 0.15959646005727013 0.42907968610347985
5 0.48719946065404607 0.11571081472058045 0.044659066677272284 0.080162688998964
5 0.608810283975183 0.21126737137839022 0.04792951734563573 0.09280823821317571
3 0.661835286640683 0.22233545801998938 0.1385021627148159 0.36094611621110373
5 0.6830301286600913 0.08027639060881261 0.03353975334181776 0.06402826674922299
5 0.5557563672820024 0.40421469664744986 0.05597837468172653 0.11348461124870504
3 0.4350278859802737 0.16565300268608713 0.11744422803945267 0.2959375463187276