5 0.646875 0.93125 0.0640625 0.121875
3 0.83515625 0.7390625 0.1609375 0.521875
3 0.8609375 0.4234375 0.11171875 0.4453125
5 0.8328125 0.54140625 0.05 0.1203125
3 0.74609375 0.6078125 0.140625 0.57890625
5 0.75078125 0.371875 0.04609375 0.1
3 0.84140625 0.28046875 0.12578125 0.37109375
5 0.86015625 0.253125 0.03984375 0.096875
5 0.84296875 0.1359375 0.03984375 0.0796875
3 0.5859375 0.6046875 0.1359375 0.5359375
3 0.6390625 0.2984375 0.121875 0.440625
5 0.5921875 0.39140625 0.04921875 0.1046875
3 0.50390625 0.41640625 0.13515625 0.46328125
3 0.50234375 0.16328125 0.11015625 0.21328125
5 0.5078125 0.240625 0.04140625 0.11328125
3 0.3 0.36796875 0.11171875 0.44921875
5 0.30625 0.1921875 0.03828125 0.090625
5 0.634375 0.040625 0.03203125 0.08046875
5 0.50390625 0.09609375 0.03359375 0.07421875
5 0.64140625 0.11484375 0.03515625 0.07421875
3 0.52578125 0.76484375 0.1609375 0.4703125
5 0.53046875 0.59453125 0.05234375 0.1234375