5 0.616351992511264 0.8560554865560366 0.07059102570316256 0.12493153349844599
3 0.5021714287848305 0.7431828815125847 0.19521161269848192 0.5136342369748306
3 0.48682359038099837 0.38507939888098025 0.1643834239534577 0.4365283130679506
5 0.5057288047920041 0.5550301798982269 0.06271485870696818 0.12300516046291676
3 0.7978805182144265 0.7254507068840882 0.1953044545995361 0.5490985862318236
3 0.8365370888981236 0.4084121608726923 0.14531508897248563 0.42784251778268023
5 0.795951898175933 0.5208008449092576 0.058218359695551315 0.127474336641599
3 0.7283041417501425 0.5481766741072586 0.17349843878220525 0.507131911496374
5 0.7331693497725386 0.35193737489304694 0.05251218775644091 0.10225601282028159
3 0.5710036363129349 0.5666804633966729 0.16957494273653798 0.5256635876750565
3 0.614749613612703 0.280672342842343 0.15181975695726316 0.4343836162111037
5 0.5778451798105946 0.36035768878956703 0.052575854752635466 0.10381851282028158
3 0.4844002218253795 0.15640858932768628 0.12004188045579803 0.22860449710451589
5 0.49322212349853467 0.22804814888098024 0.04658052273741298 0.10977741439185813
3 0.285562179316303 0.3490925872607717 0.14738692494204084 0.4404152923897862
5 0.2956587153995889 0.1781443864749834 0.04425401878308026 0.09095463978475231
3 0.8113354535365908 0.2585191687305751 0.14312123619701672 0.33572779238978623
5 0.8376260395061459 0.2472199497478218 0.04763368676785795 0.097350188998964
5 0.8147708127378506 0.1357901441234693 0.04374468281352506 0.07845463978475228
5 0.6186598166921833 0.10787054362813124 0.04023768083635879 0.06893409057054059
5 0.4842357371484187 0.08360679011347458 0.038802514828747546 0.07198631596343472