3 0.2109375 0.45078125 0.11953125 0.46171875
5 0.21328125 0.2765625 0.03828125 0.10390625
3 0.31953125 0.30078125 0.1125 0.29921875
5 0.31875 0.1984375 0.03828125 0.09296875
3 0.3265625 0.5671875 0.13671875 0.48515625
5 0.33359375 0.375 0.04140625 0.0984375
3 0.48671875 0.76171875 0.15703125 0.4765625
5 0.49375 0.5859375 0.0515625 0.1203125
5 0.6953125 0.86953125 0.05390625 0.13515625
3 0.85625 0.84453125 0.16953125 0.31015625
5 0.85 0.7484375 0.04921875 0.11484375
3 0.725 0.496875 0.12421875 0.478125
3 0.76171875 0.17890625 0.096875 0.35703125
5 0.725 0.30703125 0.0421875 0.09296875
3 0.5625 0.6453125 0.1328125 0.5
3 0.56640625 0.34296875 0.11328125 0.3015625
5 0.55859375 0.45234375 0.04609375 0.109375
3 0.4453125 0.321875 0.10703125 0.42109375
5 0.446875 0.15390625 0.03828125 0.08515625
3 0.40390625 0.17890625 0.0890625 0.3515625
5 0.41015625 0.04375 0.03125 0.06875
3 0.60390625 0.521875 0.10625 0.44375
5 0.59765625 0.3578125 0.04296875 0.11484375
3 0.6421875 0.21796875 0.09921875 0.36875
5 0.6421875 0.06875 0.02890625 0.07109375
5 0.5703125 0.2390625 0.03984375 0.09140625
5 0.76171875 0.02890625 0.0328125 0.0578125
5 0.64609375 0.0171875 0.02890625 0.034375