3 0.14296875 0.5359375 0.13515625 0.49375
5 0.1421875 0.346875 0.03984375 0.10703125
3 0.346875 0.46484375 0.12890625 0.46796875
5 0.3453125 0.28671875 0.04296875 0.10625
3 0.28671875 0.74296875 0.1546875 0.5140625
5 0.29453125 0.5421875 0.04765625 0.11015625
5 0.87890625 0.87734375 0.05234375 0.13046875
3 0.4921875 0.815625 0.16953125 0.36875
5 0.49921875 0.69453125 0.05390625 0.12421875
3 0.76640625 0.5859375 0.1328125 0.521875
3 0.77265625 0.21796875 0.10546875 0.359375
5 0.76640625 0.3765625 0.04453125 0.1
3 0.56484375 0.45234375 0.12265625 0.375
5 0.56875 0.31875 0.04453125 0.10078125
3 0.5796875 0.75546875 0.140625 0.4890625
5 0.578125 0.57109375 0.05078125 0.115625
3 0.45703125 0.39921875 0.11640625 0.46015625
5 0.46015625 0.21171875 0.03671875 0.0859375
3 0.41328125 0.22578125 0.090625 0.315625
5 0.425 0.10859375 0.03125 0.07890625
5 0.77421875 0.0765625 0.03671875 0.0796875
3 0.6671875 0.28203125 0.10546875 0.39453125
5 0.66953125 0.12421875 0.03125 0.075
5 0.65625 0.04140625 0.034375 0.06875
3 0.66015625 0.67890625 0.13046875 0.5359375
5 0.65078125 0.47421875 0.046875 0.12578125