5 0.9901439417686738 0.824481777296296 0.019712116462652318 0.1677529843909035
3 0.9087924721291678 0.7653261939129583 0.1824150557416644 0.4693476121740833
5 0.902702667879389 0.5998959503471213 0.07106990514873246 0.12254961179556503
3 0.6550680756589573 0.7120958168671918 0.2155604416980866 0.4347817716843645
5 0.6788002492235412 0.8384499857416656 0.07988346302712265 0.14000993030721948
5 0.6309759412039764 0.9581994408753245 0.08394933674699842 0.0836011182493511
3 0.411825580850042 0.7710441646981228 0.2303355732398828 0.4579116706037546
5 0.391006304682857 0.6225694922802697 0.073451452503779 0.13666667549789596
3 0.5050155967762319 0.6390253606992566 0.2242213521084908 0.5567113353866953
3 0.45856771807703306 0.3769965866526396 0.16786785239083954 0.25847224282842385
5 0.4769683785580245 0.4251984736759482 0.06252936305535747 0.10977679328391084
5 0.4503842207784562 0.3034226773968125 0.053988820961982854 0.09700397477225656
3 0.750936499576477 0.47063005788151707 0.1992675837632266 0.476314507256394
5 0.7206666286991987 0.2855730116023814 0.050499799915295365 0.09064484736759484
3 0.7953396759836583 0.37628234635610447 0.1732665258848364 0.4582539880191005
5 0.7472753603539346 0.20697678564899852 0.057386836746998425 0.10180060217691826
3 0.6494055497035338 0.3337624857416658 0.16612188381969623 0.41590279691210785
5 0.6313927551204974 0.17174363537884604 0.04866428413027997 0.08590278366526398
3 0.5872247971432852 0.25674362875542406 0.14747829963294662 0.3903025961864685
5 0.5744378288544906 0.11751743764843152 0.04626732622365459 0.09829365626060227
5 0.6327240968468191 0.5694172435462141 0.07125191567207594 0.12567461179556502
3 0.5155934498729431 0.15132695325752815 0.14368689974588628 0.27166172359113017