5 0.9774442479966424 0.8328125 0.04511150400671511 0.1328125
3 0.6948537862819707 0.859375 0.1985020205032381 0.2703125
5 0.6912997111468945 0.80234375 0.07042660580511537 0.1375
3 0.4371479244864056 0.7953125 0.20804569001068424 0.409375
5 0.433826973127794 0.65546875 0.06675596878180663 0.121875
3 0.5108631882814036 0.69140625 0.2045437224948218 0.5328125
5 0.49334083846673815 0.48046875 0.053546640651505585 0.1015625
3 0.8333086179556508 0.640625 0.19344253138782933 0.528125
5 0.8142237681409853 0.4296875 0.05031251324684396 0.0984375
5 0.7887475637871489 0.3265625 0.055109140651505586 0.1015625
3 0.6620809147829407 0.4578125 0.15655760108060993 0.45625
5 0.655724243461396 0.27578125 0.048477194735189674 0.090625
3 0.5965079561679351 0.14609375 0.12114091233587007 0.2921875
5 0.6426215535355299 0.19140625 0.043571439925866075 0.084375
3 0.7118080631541768 0.20390625 0.15174112630835346 0.4078125
5 0.6935788744094369 0.03984375 0.04340774881887377 0.0796875
3 0.5406696731356432 0.225 0.15261414554564717 0.4328125
5 0.5276364158792491 0.053125 0.04346231252120454 0.08125
5 0.5794791688744739 0.01640625 0.0402083377489479 0.0328125