5 0.878052945661862 0.9215985167537323 0.06969743030721957 0.07500430810555195
3 0.7637003020999493 0.6671914607150949 0.22224214318339436 0.6015754243166554
3 0.7365549926587878 0.4617612520714238 0.19057050253188876 0.49870298138875013
5 0.7928149163425853 0.43652150351916585 0.06206846878180681 0.12456766046291676
3 0.5595162551878415 0.8186577231210916 0.22012404935917865 0.31756429735218494
5 0.5821030725183695 0.7302480405322684 0.0728968413771451 0.12195208271265763
3 0.4821601254209272 0.6662647772977022 0.2179713054344464 0.5686173751024439
3 0.5153769410221746 0.2957874574053261 0.17701394482000765 0.42319355913900913
5 0.512264320789089 0.45192829549466723 0.0650843413771451 0.1215882096771285
5 0.7595907324919868 0.2711533686968123 0.056562513246843873 0.10091183664159917
3 0.8496676062684514 0.34963577957401376 0.16220740035497058 0.4459033130679506
5 0.8686780450131912 0.184954695413614 0.05031251324684405 0.10062073821317571
3 0.6454042361201839 0.1947398226854164 0.16364092558271395 0.3894796453708328
3 0.5795783063611187 0.46751260008556256 0.18788201215053563 0.5110574321745386
5 0.608945891747814 0.27426986828252753 0.05834326805616748 0.10723461124870504
3 0.5283482000926673 0.09447978432701554 0.12767859981466553 0.18895956865403107
5 0.5370213064459367 0.14502332403071455 0.04907739546082901 0.10992296360606986
3 0.3225098839432657 0.2571916459900053 0.163551645545647 0.4397260876750565
5 0.35014135453917095 0.09132905149052331 0.04842263103285882 0.09117296360606986
3 0.8272990768643567 0.18610197250191923 0.12810024046617122 0.31795809553293936
5 0.854637881581013 0.07329160339533136 0.04804068511654265 0.08023546360606985
5 0.6671304470974423 0.03798788172198166 0.04168155771188111 0.07597576344396333
5 0.537135412251052 0.020713721568651207 0.03979167549789597 0.041427443137302414