3 0.9073413071637269 0.7958648875084406 0.18531738567254621 0.4082702249831186
3 0.8817212921876024 0.501254632336645 0.1813393462712866 0.4577141083532208
5 0.9110243901881695 0.6703150014432329 0.07505954210278461 0.13921235731976367
3 0.6047545759376844 0.8406400783694317 0.22283238710812653 0.31871984326113684
3 0.6192932471744111 0.7144458753073317 0.2117907381039185 0.4809718258882322
5 0.5937228175001639 0.7639535696829792 0.0766220421027846 0.13928513192686937
3 0.7747619971744111 0.7105309511978184 0.2487500794810636 0.5789380976043631
5 0.7571751599736174 0.48609405107172937 0.06648315027015243 0.11697348428423418
5 0.6008458036203479 0.5435511784504848 0.06664684137714509 0.12166098428423418
3 0.292614152169069 0.4948759681541839 0.18900800253188876 0.49863020678164427
5 0.2743750397405318 0.3076114086008899 0.055054576949174816 0.10240156203449331
3 0.5165526491738441 0.5419650996667685 0.210302649173844 0.5277012766740204
3 0.4838938834799295 0.27681098056018066 0.14639388347992952 0.2610916654253154
5 0.49273565934064517 0.3513208289886041 0.05888890507947586 0.12285961124870504
5 0.8571602578893665 0.3339750870513747 0.058452395460829365 0.11035961124870504
5 0.8331002205959053 0.2033779044625515 0.05327382213985139 0.09607878742738744
3 0.7160317716843644 0.22366467162605924 0.1570635433687288 0.3879452638537389
5 0.6898536736837974 0.054749851733683116 0.03908234736759475 0.04705909057054058
3 0.6519494574338793 0.42113467700274276 0.20276296768549856 0.5351499036384911
3 0.619754483209777 0.1692618078961549 0.1366170901960187 0.2044777923897862
5 0.6241071665122213 0.2045636071103666 0.0497668762235353 0.08499573821317571
5 0.614910726586355 0.11989750868194318 0.0471329495445131 0.098912688998964
3 0.48586063284695735 0.1544458289886041 0.13754467313564334 0.23104029238978616
5 0.47332591651222133 0.1975408575246514 0.045133939925866076 0.08633991439185813
5 0.48208830290255766 0.09109180438149822 0.04836806733052797 0.08961046360606986