5 0.9453125 0.83984375 0.06015625 0.16015625
3 0.8625 0.77421875 0.15546875 0.45078125
5 0.86015625 0.6078125 0.05234375 0.11484375
3 0.59453125 0.7015625 0.1484375 0.41484375
5 0.59765625 0.828125 0.05859375 0.13203125
5 0.52890625 0.953125 0.06875 0.09375
3 0.3390625 0.76171875 0.15390625 0.47578125
5 0.34453125 0.59453125 0.05234375 0.1296875
3 0.45625 0.61875 0.1359375 0.53828125
3 0.45234375 0.35625 0.12890625 0.240625
5 0.4625 0.4046875 0.0453125 0.103125
5 0.45625 0.2828125 0.03984375 0.09140625
3 0.7296875 0.46953125 0.12421875 0.46015625
5 0.7296875 0.28359375 0.03671875 0.0859375
3 0.7890625 0.37890625 0.10078125 0.44453125
5 0.76875 0.2078125 0.04140625 0.096875
3 0.65 0.3265625 0.1 0.403125
5 0.65859375 0.16484375 0.0359375 0.08125
3 0.60078125 0.24609375 0.0859375 0.37890625
5 0.61015625 0.10703125 0.03125 0.09375
5 0.5953125 0.55859375 0.0515625 0.11796875
3 0.546875 0.13359375 0.10078125 0.26640625