5 0.214389037678749 0.8688641106469535 0.0785029735504664 0.14349001482874754
3 0.3339944243410427 0.6753767544114433 0.22899985737016273 0.5595845415204932
5 0.3249133688817268 0.4699862588600675 0.0680359104104042 0.12435801285158128
3 0.49564674295453826 0.8706534678338658 0.1765302208490432 0.2207475346004113
5 0.5072590771412878 0.8452396323586022 0.08548101564384111 0.15624468281352505
3 0.5557244821488458 0.57515262543852 0.20876441012805563 0.4262627055509382
3 0.5935374823606073 0.7957396980622023 0.19493015230613508 0.34931820357377175
5 0.5754237901684105 0.7052884530051182 0.0785029735504665 0.14349001482874754
3 0.7992561323182551 0.7429317385569314 0.22587631541796221 0.39890170950527093
5 0.7967065269436437 0.6261262405340977 0.08015647881213823 0.1451161818249421
5 0.8059358557275471 0.4542830740321949 0.06767188936371689 0.11810801285158128
5 0.5522417083301482 0.43422387790997796 0.06785389988706055 0.12123301285158128
3 0.44070569787739167 0.5159288171492937 0.2115547521367258 0.5276978715585494
3 0.4071937898154747 0.3419302430427367 0.1806702312312126 0.3721190336118279
5 0.4339228897872399 0.3112240711036265 0.057204826223654595 0.09897601087441492
5 0.40486399231925374 0.20796907851800026 0.04710178413027992 0.08609400889724857
3 0.739558239759005 0.2691533403438173 0.17897049431480508 0.4499893656270503
5 0.7282475553887288 0.10204409479244161 0.05380681043863902 0.09416117688202612
3 0.613844879193309 0.23296778403175744 0.15812737329635276 0.4132878616727177
5 0.6153149158838376 0.07391111901272937 0.04682876834526439 0.08140650889724857
3 0.5546133633377062 0.17897128110318894 0.1626482733245876 0.3579425622063779
5 0.5494315816265007 0.03759819389790485 0.046085315700311116 0.0751963877958097
3 0.6740704766754125 0.3497613531953986 0.18503848379146143 0.447119033611828