3 0.765625 0.85703125 0.18046875 0.2859375
5 0.76953125 0.78046875 0.06015625 0.128125
5 0.58671875 0.903125 0.06484375 0.14375
3 0.20234375 0.7140625 0.1453125 0.5609375
5 0.21328125 0.48828125 0.0484375 0.1109375
3 0.4671875 0.753125 0.1671875 0.49375
3 0.4453125 0.490625 0.13671875 0.30546875
5 0.47265625 0.58125 0.05078125 0.140625
3 0.8796875 0.7515625 0.14375 0.49609375
3 0.87421875 0.47109375 0.140625 0.35546875
5 0.884375 0.56640625 0.0515625 0.1203125
5 0.44765625 0.38671875 0.04140625 0.09609375
3 0.6671875 0.665625 0.15234375 0.6203125
3 0.69453125 0.36171875 0.1234375 0.3546875
5 0.67265625 0.40234375 0.04453125 0.09296875
5 0.88515625 0.340625 0.04453125 0.090625
5 0.68203125 0.240625 0.03828125 0.11015625
3 0.82421875 0.3546875 0.115625 0.45546875
5 0.825 0.171875 0.03671875 0.0859375
3 0.5390625 0.41953125 0.12109375 0.4890625
3 0.53046875 0.1765625 0.1234375 0.20625
3 0.5125 0.14609375 0.09453125 0.29140625
5 0.5421875 0.22421875 0.04296875 0.09375
5 0.5328125 0.11796875 0.03828125 0.0890625