3 0.7210076590131669 0.8324672211827486 0.17038407315515477 0.33506555763450274
5 0.7364336822448715 0.7297702840856666 0.06102502471457942 0.11816934740221222
3 0.8064941728533312 0.7675649699649326 0.17573210083548368 0.4648700600701348
5 0.7985264584423255 0.606547018257354 0.05397652866891214 0.1367829797074606
3 0.19909414422160032 0.5053944322225228 0.17145577771750994 0.5291807597392326
5 0.21090968920213476 0.29216772930042345 0.05082235376405231 0.09769320616851021
3 0.560884536997507 0.6250713271063775 0.17792595361095281 0.5730125803560835
3 0.5946771941450507 0.2754122463432568 0.12988640714754354 0.35201824188232517
3 0.5400785829666246 0.406584379866321 0.14936591901054186 0.4085682508107789
5 0.5839705044114433 0.3846781521874554 0.05031301779449713 0.0851932061685102
3 0.7369880750579592 0.44754811931301425 0.16029810182406692 0.4852671185055305
3 0.7410375409890206 0.21385891192668804 0.1297352154367699 0.23335006249917623
5 0.744596281103189 0.26082936931301426 0.04632585475263547 0.10229888555165925
3 0.5122413789357422 0.18797470170098804 0.1286422421285156 0.35980346834337484
5 0.5556929485936749 0.2536230211000231 0.046198520760246706 0.09917388555165915
5 0.5214147435742094 0.03959174877888872 0.03685801285158128 0.061537517856907475
5 0.6000570553234768 0.14338099634325674 0.04393568380210837 0.08195911201270882
5 0.7486218893158655 0.14284698254353906 0.04087435079830275 0.0834670649348082
3 0.802136867072744 0.2493248534847016 0.11738108996106895 0.42830800649282175
5 0.8067964866541271 0.07740894317627611 0.03924818380210837 0.08187729139585782
3 0.3390731343729496 0.15915245210802514 0.11560373125410077 0.30805005357072246