5 0.3153716556201528 0.8803289753228867 0.07902377081949101 0.13798338479802083
3 0.4697470774270928 0.7952228864473734 0.2207849784053167 0.40955422710525335
5 0.4762845789682523 0.6533298692921075 0.0600339389258032 0.10935827962517113
5 0.8410443931247681 0.46983202533552204 0.061796698025101904 0.11252874373179385
3 0.8304330559892931 0.7540123478156043 0.21445343768918548 0.4919753043687914
5 0.8299986667220363 0.568914383015654 0.05494592072720579 0.10297188730530316
3 0.6382023905038745 0.5938592440609982 0.18506632633813352 0.5028929824490227
5 0.6485750933093383 0.39535354790106425 0.056107902528608554 0.09676735141192587
3 0.697691318632336 0.27624584672656527 0.16776010795496604 0.4275292695960413
5 0.6684951719638235 0.3043564748606683 0.0524216980251019 0.11225595909205772
5 0.6971172270210407 0.1142088479802065 0.04789488433001132 0.09029003087881239
3 0.5198981832225906 0.3391680808914477 0.17963834669619913 0.46686455423577744
5 0.5243014882798077 0.14831576035833427 0.04689358883351815 0.07466503087881238
3 0.37114860502953056 0.2542211163891136 0.16167079425987563 0.4055178772761733
5 0.3678803099944627 0.0975846714828208 0.04739423658176474 0.08247753087881238
3 0.578019168724621 0.23832464640999618 0.13480790561092756 0.4000574874635877
5 0.5697129202657806 0.0870205591838353 0.04769462523071262 0.08716503087881237
5 0.5370296306293835 0.03519363473151364 0.038440738741233105 0.04010817445232166