3 0.17647409684681903 0.5543266971479812 0.18059317847331985 0.5046131986308561
5 0.1576499601845253 0.36494586216700925 0.050029363055357566 0.10959517589344295
3 0.37348633376322654 0.48441473965705767 0.17279608902489843 0.4777960306460784
5 0.3552992339326358 0.3059714046760858 0.05315436305535757 0.1097225098858317
3 0.338722009817472 0.7495781887450242 0.20154271530502274 0.5008436225099515
5 0.32808209947765493 0.5612836457788373 0.05811487884037314 0.11460101087441502
5 0.9425134097045327 0.9004163548269976 0.06398544724210709 0.13510451186299796
3 0.5497574913310334 0.8224347099995626 0.2044717522779001 0.35513058000087494
5 0.5467018388131369 0.7151593567669828 0.06518392619541977 0.12891817885919252
3 0.8031121915569124 0.6079184956257379 0.18223127318341312 0.5327381986308559
3 0.7746492024331919 0.23966324414286305 0.13830072070786895 0.36727502471457935
5 0.7831049864928845 0.3982251606447659 0.05435284200867017 0.10353617688202617
3 0.5894907653614926 0.47295195212807817 0.15805177858625932 0.3852265286689121
5 0.5809285654885494 0.3393263686299809 0.05435284200867017 0.10353617688202607
3 0.6321002834949953 0.7631120953796857 0.18657016268830445 0.47377580924062845
5 0.6135491626177172 0.5916210390862164 0.06151289462538863 0.11941584486680376
3 0.47724909961882933 0.4192765123944707 0.1598410627165391 0.4694741946765232
5 0.46242221821820734 0.23161734490398475 0.04415879465362345 0.08909167490485981
3 0.4172385208349259 0.2453641685162502 0.12012757338105721 0.32288835475263544
5 0.4182256262095372 0.12849500349722215 0.03901626834526435 0.08108817391627662
5 0.7632882262518895 0.09812966015047427 0.043794773606936135 0.08284167490485976
3 0.6754829313159172 0.3034299723940332 0.1419563417263216 0.4032761917107737
5 0.6631663998870605 0.14549013840164443 0.038834257821920556 0.07796317391627658
5 0.6419368710184525 0.06200913494160332 0.041595236775233246 0.07184050790866539
3 0.7056295177805669 0.700591473876908 0.17992532053845983 0.5466733646384672
5 0.6773015785015547 0.4952354704168668 0.058933926195419775 0.12866351087441502