3 0.10782470884271285 0.7248063274533342 0.2156494176854257 0.4943585888732951
5 0.13507444708406785 0.5617231512886239 0.0755466338757694 0.1332905348257091
3 0.34809566825125254 0.6974470465843541 0.24166511533126106 0.5081754274079058
5 0.3897486589789984 0.515531983264514 0.06675148801421242 0.11413109905006032
3 0.3712731394184373 0.8093008361597616 0.256736837402957 0.381398327680477
5 0.3987164659672604 0.7181180727036359 0.08475121551297518 0.16026247060135787
5 0.6903053431727675 0.9784989727490643 0.08542624491161739 0.043002054501871355
3 0.8031882027382773 0.8530828929208809 0.2236919640426372 0.2938342141582382
3 0.8290081535519315 0.684264209631623 0.22901462912607115 0.4451841044771273
5 0.8293213348050245 0.797873008252142 0.08245173111680737 0.14611808344622812
3 0.8361190479431505 0.4887879353213635 0.1986720318850331 0.4311282485296619
5 0.8679964897116932 0.538245702734218 0.06847776232447203 0.11733798620519006
3 0.6090055127787571 0.7513798727944929 0.26345158412359665 0.49724025441101405
3 0.6864975062200365 0.518549599161602 0.2040212731786058 0.41426829715018093
5 0.6556702301007545 0.5686381303692665 0.06617827792830404 0.10319359905006031
5 0.7053813822938897 0.38244500282507515 0.06255531094499087 0.12326043758467105
3 0.5109309401866629 0.5500851249421995 0.22578780981333715 0.5322746687014785
3 0.5662203850074231 0.3022960781307028 0.17650270352718742 0.2757037641334941
3 0.5545259684536512 0.22647720657940532 0.17096975576575116 0.37825555404758593
5 0.5557874960432712 0.35188664235505407 0.06494332654882307 0.10936171189493056
5 0.8700480698785608 0.3346703233810044 0.05655761646291495 0.09801477611928178
5 0.5825690812985215 0.22951367537174083 0.06017393939369349 0.10755355042954129
5 0.5853333124153289 0.08708051390635158 0.04455558344622812 0.07712906603337355
3 0.51052034090946 0.1842177855030776 0.1383343181810801 0.3204496981001207
3 0.7264762115562463 0.20415290648854825 0.15067718792335522 0.28837418249628843