3 0.5348027760705035 0.8676575942679046 0.20402137569213785 0.25890334308955404
5 0.5385075694075283 0.8098450942679045 0.07433627081949083 0.13631929508134383
3 0.7122454580564763 0.804148564410067 0.2065432032668891 0.3713760720123151
5 0.7200054981542987 0.683054814410067 0.06884773442229637 0.12379202400410509
3 0.18176382094868784 0.6611955334720749 0.1927577128276131 0.5462306262670413
5 0.19958807834994347 0.4439853075743758 0.05867169802510182 0.11123748184962742
3 0.43254626851236433 0.7206513049420972 0.21825836057585962 0.5541885720123154
3 0.4300463363695079 0.4184348199692119 0.15824780073828054 0.27581813231716557
5 0.4464444895164254 0.5159592597625574 0.06349890036914019 0.13781816256778665
3 0.8389662492340328 0.7034486067609365 0.19365887877445695 0.5602931262670413
3 0.8431471136674039 0.4066599651721927 0.17212863047249982 0.3461851744716434
5 0.8480465623108145 0.4886321278381752 0.06103523442229637 0.12374657220870695
5 0.8563759037652261 0.2855343989154141 0.05464553207825773 0.09715680113146812
5 0.4359039150239933 0.3270285699692118 0.04779475478036197 0.08774543969514967
3 0.6265441972591347 0.5937883022116226 0.20467552436323508 0.6103385780624396
3 0.6577684230435576 0.30152807933898573 0.15011392812846153 0.31950449980360823
5 0.6382278786267988 0.3383468232888615 0.05122014342931003 0.0924511204133089
3 0.5085008058324095 0.3640922327333902 0.16108860579549766 0.46638859016268785
3 0.4969985086378733 0.16579563329912425 0.1402592643410859 0.2632181383672898
5 0.5154783983665554 0.18208825381062904 0.049757772978959204 0.09400453005422929
5 0.5016242543189366 0.08142517847866404 0.04643251387966067 0.09086134933607007
3 0.7830990900701357 0.3078275554330765 0.1576632171465498 0.4616829094445286