3 0.90234375 0.84296875 0.18671875 0.3140625
5 0.83515625 0.91875 0.0578125 0.128125
5 0.89140625 0.76171875 0.05 0.146875
3 0.775 0.54296875 0.13828125 0.54140625
3 0.74609375 0.3671875 0.11953125 0.43828125
5 0.77421875 0.3265625 0.0453125 0.109375
3 0.60546875 0.73671875 0.165625 0.5265625
3 0.6046875 0.36015625 0.11484375 0.41484375
5 0.61328125 0.52890625 0.05078125 0.10078125
3 0.53515625 0.52890625 0.13671875 0.49453125
3 0.5171875 0.21953125 0.11328125 0.36953125
5 0.53828125 0.3359375 0.04453125 0.10625
3 0.61015625 0.12421875 0.1078125 0.2484375
5 0.60703125 0.196875 0.04296875 0.08515625
3 0.7796875 0.12265625 0.08671875 0.2453125
5 0.7515625 0.19375 0.04140625 0.08671875
3 0.32890625 0.2 0.1015625 0.396875
5 0.33671875 0.04296875 0.034375 0.08046875
5 0.5203125 0.084375 0.034375 0.1
3 0.83359375 0.3 0.10078125 0.4515625
5 0.83125 0.11953125 0.0375 0.0859375
5 0.79296875 0.028125 0.03671875 0.05625
3 0.04921875 0.64296875 0.09765625 0.54921875