3 0.06796875 0.6 0.13515625 0.51015625
5 0.053125 0.40859375 0.046875 0.1203125
3 0.25078125 0.8078125 0.16953125 0.384375
5 0.26328125 0.68125 0.05234375 0.13046875
3 0.3546875 0.553125 0.134375 0.5
5 0.35625 0.35859375 0.04609375 0.10703125
5 0.89921875 0.95546875 0.0546875 0.0890625
3 0.4984375 0.846875 0.17578125 0.30546875
5 0.50625 0.75390625 0.059375 0.1140625
3 0.7171875 0.753125 0.15546875 0.49375
5 0.71484375 0.5734375 0.0515625 0.13359375
3 0.8046875 0.665625 0.12890625 0.55546875
3 0.7734375 0.2734375 0.11171875 0.41953125
5 0.79921875 0.4421875 0.046875 0.1046875
3 0.56953125 0.5203125 0.13125 0.39921875
3 0.59453125 0.79375 0.13984375 0.41171875
5 0.5859375 0.64609375 0.05546875 0.11953125
5 0.57265625 0.38046875 0.04609375 0.1109375
3 0.46328125 0.4546875 0.1203125 0.484375
3 0.4359375 0.26640625 0.11015625 0.3015625
5 0.465625 0.26015625 0.0390625 0.0890625
3 0.68984375 0.321875 0.10703125 0.39453125
5 0.68828125 0.165625 0.0328125 0.08046875
5 0.7765625 0.11015625 0.0390625 0.08671875
5 0.4359375 0.15390625 0.03515625 0.078125
3 0.64921875 0.20625 0.08203125 0.34609375
5 0.659375 0.07109375 0.03515625 0.07421875
3 0.58984375 0.16015625 0.10625 0.3203125
5 0.58828125 0.0265625 0.03203125 0.053125