3 0.15924858066218986 0.5109375 0.18626494844820476 0.5015625
5 0.16517365453132174 0.32265625 0.05069445916315991 0.109375
3 0.36585075552711366 0.45390625 0.17757942921091105 0.4765625
5 0.37059527531256153 0.2765625 0.05381945916315996 0.109375
3 0.2957119034350134 0.72734375 0.20890384028083667 0.5234375
5 0.31063003138782924 0.528125 0.05861608656782167 0.1125
5 0.8831003199472345 0.903125 0.06562997840045384 0.134375
3 0.49787709336087965 0.81171875 0.2084623522617363 0.3765625
5 0.5101637838348999 0.69375 0.06697422359113006 0.128125
3 0.7804911528020412 0.6046875 0.18724709509016008 0.5296875
3 0.79969993275429 0.2375 0.14245540634542025 0.365625
5 0.7880233666897065 0.3953125 0.05516370435383653 0.103125
3 0.5839286329317753 0.45703125 0.16180560707105976 0.3828125
5 0.5925719682336525 0.32421875 0.05516370435383653 0.103125
3 0.5873190500769688 0.75546875 0.19207843882955783 0.4890625
5 0.5927902561600857 0.5765625 0.06352184137714509 0.11875
3 0.477894398540872 0.39609375 0.16475204699692586 0.4671875
5 0.4877802861123347 0.209375 0.045297631032858734 0.0890625
3 0.44050598202865066 0.2203125 0.12374012268015626 0.321875
5 0.4559995180561673 0.1046875 0.03877481252120454 0.08125
5 0.8065079495445131 0.096875 0.045079376223535306 0.0828125
3 0.6923165078893664 0.29453125 0.14683537149903003 0.4015625
5 0.7000868239539499 0.13671875 0.03861112141421188 0.0765625
5 0.6893551658792492 0.053125 0.04151786660488845 0.0703125
3 0.6717461245790728 0.68984375 0.1861756684111379 0.54375
5 0.6692857795737307 0.48515625 0.060724223591130236 0.128125