3 0.36346896684934055 0.29356363957986453 0.148337542171806 0.4720291654253154
5 0.35679747349885427 0.10773530149052331 0.047421820288472284 0.09273546360606985
3 0.8047031770491675 0.7696443726257538 0.1867804867009725 0.3801713052100677
5 0.7975244970532993 0.6628314464470713 0.061412891526875055 0.15738016046291675
3 0.6188215348567021 0.8479085754784567 0.190121079406528 0.25546240363849115
5 0.6192930071212854 0.8009608008713507 0.07053331838861113 0.14687930810555166
3 0.961415504368403 0.7375659650583211 0.07716899126319418 0.4120334272121397
5 0.9879416367772225 0.5988287967375217 0.02411672644555516 0.14080909057054072
3 0.5274133252255562 0.7512754780834905 0.19484886626000025 0.45858740363849115
5 0.5269197499030908 0.5956611788692788 0.06722648043270851 0.13892125889134022
3 0.45647735049243093 0.4589467369748307 0.167742158813056 0.5010274607105858
5 0.45184048261690996 0.2597279869748307 0.04585932028847228 0.09266268899896399
3 0.7955567278672573 0.3766756226257537 0.15473301253652813 0.4785702638537389
5 0.7888670507211808 0.19006603453641252 0.04589568787965277 0.094225188998964
3 0.5682305084524656 0.3544154406561031 0.1485557477188893 0.48140416542531544
5 0.5576163975107988 0.16720653908452648 0.0475309230620141 0.09742296360606986
3 0.49558917619614606 0.19043002336876078 0.10789176728618095 0.34372007485477485
5 0.4967133054708334 0.07071683685099614 0.042952525835555734 0.10189213978475228
3 0.7333612799196182 0.17377019716868775 0.11966572188333373 0.3475403943373755
5 0.725327961531007 0.02817515705295855 0.0456774823325695 0.0563503141059171
5 0.9906698593261462 0.8848026840410744 0.01866028134770765 0.1096318651776464