3 0.13092274586166158 0.56328125 0.17499592348808607 0.503125
5 0.12200785649119406 0.371875 0.050697820925833435 0.115625
3 0.29908635669608186 0.76875 0.19007295988201625 0.4578125
5 0.3062887729499668 0.6046875 0.057166144747151024 0.1203125
3 0.3719436980951919 0.5046875 0.1585704028099216 0.4859375
5 0.37031476984959494 0.31875 0.05182367328319835 0.10625
3 0.43622656017246647 0.2578125 0.11074071670644177 0.33125
5 0.44383139081820955 0.1359375 0.038232054176610575 0.0828125
3 0.4808777423470049 0.428125 0.14861320595307478 0.4734375
5 0.47895771567298445 0.2359375 0.04640842721213971 0.090625
3 0.5900023393276863 0.48984375 0.1541311517764644 0.390625
5 0.588212899295265 0.35078125 0.051969222497410074 0.109375
3 0.5284870663732103 0.8296875 0.19555236434907694 0.340625
5 0.532132143090012 0.7234375 0.06192641935425698 0.121875
5 0.9232431023528557 0.93515625 0.06229029238978612 0.1296875
3 0.6211432932138464 0.77265625 0.1602399106678046 0.4546875
5 0.6088144594677315 0.60859375 0.06021837014004525 0.11875
3 0.7097306042148824 0.72890625 0.17994028866573258 0.5421875
5 0.7027592045053327 0.52890625 0.056185841603997845 0.1328125
3 0.8089428920565547 0.628125 0.17190946484441483 0.5375
5 0.8020249962759465 0.4125 0.05160534946188085 0.1015625
3 0.790931176797855 0.24140625 0.13756008188408816 0.3703125
5 0.7865796629441162 0.09765625 0.04270123035529281 0.078125
3 0.6941503761359012 0.29375 0.13279980727698232 0.36875
5 0.6929238622821623 0.15 0.039576230355292806 0.078125
5 0.6686087588913402 0.0640625 0.03794095574818712 0.0765625
3 0.6006999749786093 0.14921875 0.12007717535011295 0.296875