5 0.34795157338100446 0.904481253082319 0.07513719810012062 0.1262807001845701
3 0.6766663935982494 0.8384965052417872 0.24835777136958334 0.3230069895164255
5 0.6954805913596859 0.7609045404023642 0.07365658525525039 0.1277430706349209
3 0.8017991904097462 0.8003642520025849 0.25434217774658985 0.39927149599483025
5 0.7916440196721026 0.9812230282207466 0.0746525192218769 0.03755394355850683
5 0.8223938941640764 0.6717092373477318 0.06486143939369349 0.10849242288667416
3 0.4889605964480685 0.6682502637227771 0.2571130529159321 0.5677439142488009
3 0.5568021144267499 0.5067503616555938 0.22037661352223878 0.4610538232558145
5 0.5229317254625979 0.4547477706626074 0.06601450361804453 0.10078005243632368
5 0.5789216966297825 0.33453420264858025 0.057710680687265994 0.09090440468807692
3 0.2891631558111797 0.3027289859634559 0.20048019335042228 0.4379772686600226
5 0.3091403838757694 0.1490625678571436 0.05524077792830413 0.10320414558877826
3 0.34884801503800533 0.2084468622739027 0.18519603007601065 0.384051232262828
5 0.36606873530067896 0.06161143506829182 0.05088747060135788 0.07956638648947963
3 0.4141089241285455 0.36913284083610287 0.20648453188503307 0.4336902868586199
5 0.4400904907277459 0.21117944092838795 0.054667567842395924 0.09226664558877824
3 0.7386828782215599 0.4561157132890384 0.2109197263671092 0.45889054595791856
5 0.7616655975797222 0.2855121190568495 0.05450379353213641 0.08914164558877831
3 0.48704405585660826 0.23053951264304295 0.18494372455808678 0.40895110271317864
5 0.5103100582314575 0.08019835363602937 0.04628185775648745 0.08082849784053167
5 0.6279899604245924 0.2753885425618325 0.06025582654882307 0.10975453423772627
5 0.6341813274533343 0.1706707641842024 0.05310506784239592 0.09216651603912895
3 0.6790334820213186 0.20936182679955878 0.15453917231952302 0.30422402991878955