5 0.9609375 0.88046875 0.06171875 0.146875
3 0.728125 0.78984375 0.2 0.4203125
5 0.7484375 0.640625 0.05546875 0.11875
3 0.571875 0.83046875 0.16875 0.3390625
5 0.575 0.7296875 0.05703125 0.13125
3 0.5328125 0.33046875 0.11328125 0.43828125
3 0.5078125 0.128125 0.1109375 0.2265625
5 0.53671875 0.15625 0.040625 0.0890625
5 0.50859375 0.05859375 0.03671875 0.08671875
3 0.7921875 0.290625 0.109375 0.43828125
5 0.79140625 0.109375 0.034375 0.078125
3 0.67421875 0.27109375 0.11640625 0.290625
5 0.6703125 0.1796875 0.034375 0.1046875
3 0.65703125 0.54296875 0.14140625 0.5703125
5 0.66171875 0.30078125 0.03984375 0.08125
3 0.47265625 0.375 0.12734375 0.26640625
5 0.47421875 0.2859375 0.0390625 0.08828125
3 0.478125 0.68203125 0.15703125 0.56484375
5 0.4828125 0.465625 0.04921875 0.1296875
3 0.23515625 0.60390625 0.1328125 0.52421875
5 0.2453125 0.39609375 0.04609375 0.10703125
3 0.871875 0.70078125 0.13359375 0.5890625
3 0.86875 0.3859375 0.13359375 0.3203125