3 0.6921875 0.83359375 0.17109375 0.33203125
5 0.6953125 0.7296875 0.0515625 0.1203125
3 0.821875 0.77734375 0.15625 0.4453125
5 0.81875 0.60703125 0.04296875 0.1015625
3 0.4796875 0.6984375 0.14609375 0.578125
3 0.53671875 0.5078125 0.1203125 0.45859375
5 0.4859375 0.459375 0.04609375 0.10078125
3 0.70078125 0.3984375 0.115625 0.44921875
5 0.70234375 0.2203125 0.03828125 0.08515625
5 0.53515625 0.32421875 0.04140625 0.08828125
3 0.36015625 0.4015625 0.11640625 0.43515625
5 0.36640625 0.23125 0.03828125 0.08828125
3 0.23671875 0.3546875 0.11015625 0.421875
5 0.23828125 0.19375 0.034375 0.09609375
3 0.29375 0.24453125 0.10625 0.38046875
5 0.2921875 0.09609375 0.0359375 0.0859375
5 0.57109375 0.246875 0.03828125 0.10546875
5 0.565625 0.13671875 0.03515625 0.08203125
3 0.4296875 0.2328125 0.10078125 0.39140625
5 0.4328125 0.0796875 0.03359375 0.08828125
3 0.61484375 0.16640625 0.0890625 0.3328125
5 0.36484375 0.95625 0.05 0.08671875