3 0.33002568141833444 0.8697537978919749 0.19170012499835237 0.2438978246740408
5 0.336339911125795 0.8212208405056487 0.0632557508107789 0.13387616801906327
5 0.06403248864250485 0.8954840495135326 0.07454780681713331 0.15437958279171582
3 0.8778416185121213 0.8063018092593559 0.19996836688067746 0.35963191882984197
3 0.8941871875041191 0.5857711209477532 0.1689638287312306 0.3731489480508353
5 0.8953348559302196 0.6989978238698524 0.06794325081077872 0.1339579886359143
3 0.7200308928618504 0.6747223470017657 0.1782763733734992 0.4592228157455871
5 0.716808661125795 0.8145797337712409 0.06618983603812652 0.12299321509696384
5 0.9026463441590966 0.4590995267919518 0.05185460064862326 0.10712275324641088
5 0.7273775629095086 0.5222967763849147 0.05552507142762977 0.13842730032431164
3 0.5306450645343617 0.7412900584452817 0.18682525892515844 0.5015466834403387
3 0.5397917881527422 0.4857394878284307 0.16962630194586942 0.32161372158978563
5 0.5470900450526012 0.5598082333642038 0.06152960957707698 0.12447389448011278
3 0.5160384626646273 0.32526563799058644 0.14944226136079042 0.4181068920444809
5 0.5578753607981881 0.3893593656694521 0.05519778896022594 0.11967730032431145
3 0.7490788336057899 0.26340301745646094 0.1431922613607906 0.4179977978886796
5 0.7612630081176748 0.10230187622275892 0.043632997564368024 0.08354888555165915
5 0.5297987739459875 0.16335597321793408 0.04355117694751698 0.07886138555165915
3 0.38177433117015785 0.19083173133231363 0.10832633765968432 0.38166346266462725
5 0.3839386233767946 0.021822632712285392 0.041497753246410876 0.043645265424570784
5 0.5420863141240293 0.08582130844528169 0.04355117694751698 0.0788613855516592
5 0.5245363498378441 0.022151005074782508 0.03998980032431163 0.044302010149565016