5 0.6405828733702039 0.9302365572485949 0.0724943831160271 0.1258181600095451
3 0.8348844780793122 0.7357491185550961 0.19639117369781084 0.5115567600254532
3 0.8717809115229462 0.43213322254936903 0.14222977921769803 0.45156359468490825
5 0.8402190401747465 0.5489303712205962 0.058404609577076626 0.12409202800763594
3 0.7506713449632849 0.6117036385662319 0.18054007710637734 0.5879192653564533
5 0.7637541773512588 0.376347393897232 0.053335280031772216 0.10216248400699968
3 0.857552995939515 0.2885195825509599 0.15188542288703175 0.3782533640197263
5 0.8774154825468343 0.26250197521486907 0.04703073295387128 0.09896475867281787
5 0.8644188303560837 0.14466049454968719 0.04516822402541756 0.08175907733927246
3 0.5911054301906326 0.6026206345878673 0.17352641801576799 0.5440965400222717
3 0.6545643636342666 0.2986956559118677 0.1531127321397971 0.4485658640197263
5 0.6045700921239112 0.3891393899188674 0.05656937418757337 0.10844884667409058
3 0.5158621481302655 0.41048822593095774 0.16758433522405233 0.4721669960216353
3 0.5231762215897857 0.15800811592936687 0.1256932954530477 0.2201681440165447
5 0.5253075117678275 0.2353427752625942 0.048893241882325175 0.11617044000636338
3 0.3132768904196278 0.3542398679583201 0.1423115998345489 0.4562510946849082
5 0.3258472540571898 0.17905805462286567 0.045359138798070034 0.09269657733927246
5 0.6594392297074606 0.04119470162318382 0.037382997564368026 0.08238940324636763
5 0.5266909594149211 0.09076607192873055 0.038836403408566686 0.07699885200509067
5 0.6638597228076016 0.11495645524350413 0.04039890340856669 0.07701703333863615
3 0.525041873777241 0.7573268632638668 0.1942013823019529 0.47560107869190793
5 0.5361861051095547 0.5899757312619578 0.06158415665497756 0.12725339067472685