3 0.10533447813719424 0.5146579185197149 0.20768731849627384 0.5168158370394298
5 0.1253282946885605 0.3257181383672898 0.06007495764913058 0.12065793364502549
3 0.23632189948557958 0.7388499183233233 0.22462937880112416 0.47472833098930567
5 0.2697605925003789 0.5781124062230749 0.06635222872636941 0.12538179508134384
3 0.3520458516737611 0.4879691952542945 0.19664073418731842 0.49800220452587246
5 0.38066523448190603 0.3045481620768073 0.060020415494652826 0.11128293364502548
3 0.45614650263227857 0.2534265444921687 0.13634760792027695 0.33984427088084707
5 0.4835715449831481 0.1332776709556019 0.045812469749379046 0.0862011204133089
3 0.4719992824901162 0.4269504029034251 0.18562142095560183 0.4838760720123153
5 0.5013635538619428 0.23728391490547765 0.05367951190385654 0.09562157220870697
3 0.5708640293668582 0.500960595525441 0.18359531264254123 0.40417948165323575
5 0.5919390777678519 0.36358786055255565 0.060038596212812045 0.11440793364502558
3 0.45322811923495854 0.8244238039601385 0.22080442115199367 0.3511523920797231
5 0.4752934958947835 0.7246157432625047 0.0710488190854491 0.12697156615858277
5 0.8289917093976463 0.9569782704880637 0.07240224082661788 0.08604345902387252
3 0.5560667729239507 0.7755413972460843 0.19637711377400963 0.4489172055078313
5 0.5699969418364491 0.6204827551663614 0.06946813836728971 0.12383747579950324
3 0.6503707639469601 0.7367152465821544 0.22339413172799033 0.5265695068356913
5 0.6766418515755653 0.5546991947633153 0.06642495159900648 0.13788179508134385
3 0.7655685170702181 0.6661503000513137 0.21413730639602555 0.5512271984757484
5 0.7940106378763104 0.4522605168738264 0.0584306444174139 0.10658634328594588
3 0.8102072887366323 0.2820480108237021 0.16627145725634723 0.3806419877033599
5 0.8296925660603869 0.1399786854917372 0.04891928903121965 0.08309430113146817
3 0.7057515928931624 0.3212827067653678 0.16157486689726747 0.37905221662612104
5 0.7283618702169171 0.17923156215156205 0.04579428903121965 0.08307612041330889
5 0.7176965601084586 0.09167247481754454 0.044222698672140126 0.08150453005422931
3 0.63688744252382 0.16698102614540442 0.14396921037960517 0.3070772226762452