3 0.897327706356322 0.7748111443521606 0.15359190524535293 0.45037771129567883
5 0.924489992652369 0.906611570782579 0.06978795680654812 0.1430676819859727
5 0.9315400113084191 0.6225171730343325 0.06091092378986111 0.12225453423772628
3 0.7354927696761621 0.795806561148026 0.20286156490171975 0.40838687770394805
5 0.734146032905145 0.6796323588778167 0.06575555404758582 0.155267293337025
3 0.5466482756690558 0.8401643807816545 0.20279960990419427 0.31967123843669115
3 0.4936261742441464 0.7468306369509049 0.2170679070543752 0.5063387260981902
5 0.5504493843300546 0.7595737754429693 0.07422979534115867 0.13868057063492073
3 0.45260386307201284 0.4577831330933936 0.17711793645301732 0.46762519586563356
3 0.5295591887163249 0.38040790715208705 0.15540671076327683 0.469348382170543
5 0.5045614314802356 0.5732066764304184 0.06789790818602892 0.1367175524363235
3 0.33406630427472855 0.29654763957179864 0.16815237222866602 0.4748369185677376
5 0.33895960142490955 0.11343475092285064 0.048499454997525594 0.09342862739018098
5 0.456634023067064 0.276182679669621 0.048499454997525504 0.09342862739018098
3 0.7449827928547679 0.4130258497785181 0.17448425938379586 0.4767999367663348
5 0.7492586143152083 0.22673789635474542 0.04521068068726599 0.09010336829088236
5 0.5235968730216356 0.19503161165559385 0.048417567842395925 0.09186612739018099
5 0.4808129087518559 0.09900891039128953 0.046855067842395924 0.09176599784053167
3 0.695308098711376 0.20917086211701919 0.13125880257724792 0.33543445712440045
5 0.6958104669833132 0.06497027914359722 0.04275406603337366 0.04322836829088235