5 0.52734375 0.95625 0.05703125 0.08671875
5 0.9828125 0.7859375 0.034375 0.115625
3 0.721875 0.7734375 0.1515625 0.453125
5 0.73359375 0.6046875 0.04765625 0.10859375
3 0.8015625 0.6890625 0.13359375 0.52421875
3 0.740625 0.3640625 0.121875 0.42109375
5 0.78515625 0.4890625 0.04296875 0.125
3 0.30859375 0.4265625 0.12890625 0.49609375
5 0.3078125 0.23046875 0.03984375 0.09375
3 0.57734375 0.5140625 0.13515625 0.53125
5 0.5859375 0.290625 0.04296875 0.08359375
5 0.74140625 0.20390625 0.03828125 0.0984375
5 0.5765625 0.19453125 0.03984375 0.096875
5 0.74296875 0.08984375 0.0375 0.07890625
5 0.590625 0.0984375 0.0390625 0.08046875
3 0.7921875 0.19375 0.07421875 0.38671875
5 0.78203125 0.03046875 0.03515625 0.06015625
3 0.50859375 0.15 0.1046875 0.3
3 0.3421875 0.128125 0.0875 0.25546875