3 0.325 0.7984375 0.159375 0.403125
5 0.33203125 0.665625 0.05234375 0.13359375
3 0.87421875 0.79453125 0.16328125 0.41015625
5 0.87265625 0.65234375 0.05390625 0.11640625
3 0.6 0.7515625 0.1515625 0.42421875
5 0.60390625 0.60390625 0.05234375 0.1234375
5 0.5984375 0.8859375 0.06015625 0.14609375
3 0.73671875 0.50546875 0.12421875 0.46796875
3 0.76796875 0.38984375 0.11796875 0.41171875
5 0.76640625 0.23125 0.03984375 0.09296875
3 0.6453125 0.353125 0.09765625 0.4203125
5 0.65703125 0.184375 0.03671875 0.08125
5 0.74140625 0.3140625 0.03671875 0.0859375
3 0.45390625 0.38828125 0.13359375 0.23515625
5 0.459375 0.31796875 0.03828125 0.09375
3 0.44609375 0.67578125 0.140625 0.559375
5 0.453125 0.446875 0.04609375 0.10390625
3 0.60234375 0.25625 0.08203125 0.353125
5 0.61484375 0.12890625 0.03203125 0.09921875
3 0.55078125 0.1515625 0.10078125 0.303125
3 0.71328125 0.140625 0.10234375 0.28046875