5 0.22734375 0.853125 0.05703125 0.13515625
3 0.3546875 0.6765625 0.140625 0.53984375
5 0.35546875 0.46875 0.04921875 0.11796875
3 0.50703125 0.8984375 0.14296875 0.203125
5 0.51875 0.871875 0.06171875 0.146875
3 0.5796875 0.6078125 0.1421875 0.40546875
3 0.60703125 0.83515625 0.14140625 0.3296875
5 0.59296875 0.74140625 0.05625 0.1359375
3 0.81328125 0.81171875 0.16484375 0.37578125
5 0.81640625 0.69453125 0.05859375 0.13671875
5 0.83359375 0.5234375 0.04921875 0.1109375
5 0.5828125 0.46640625 0.0484375 0.11484375
3 0.46796875 0.53203125 0.12890625 0.51015625
3 0.44296875 0.35234375 0.12265625 0.3546875
5 0.47109375 0.32578125 0.04140625 0.09375
5 0.446875 0.21796875 0.03359375 0.08203125
3 0.7765625 0.328125 0.1078125 0.434375
5 0.7734375 0.15859375 0.03984375 0.0890625
3 0.653125 0.2734375 0.09296875 0.40078125
5 0.6625 0.1140625 0.03515625 0.07578125
3 0.59765625 0.196875 0.1015625 0.371875
5 0.59921875 0.0578125 0.03125 0.09140625
3 0.7078125 0.39921875 0.11484375 0.43046875