3 0.05802067758805481 0.6049474851712524 0.11604135517610963 0.5182300296574953
5 0.02546222678347764 0.4143052391255851 0.05092445356695528 0.12384867688202608
3 0.19887173658322127 0.798965446122217 0.20322209705346334 0.38844437056996634
5 0.21849545775432916 0.6743010271488563 0.0638653940675857 0.13347834486680377
3 0.3166265911782532 0.5409845083657759 0.1788226666154169 0.507419863649884
5 0.3286670413141392 0.3465169253619703 0.05597648441265975 0.10978617688202608
5 0.840710039297327 0.9114788087091558 0.06258711733238087 0.09291701186299832
3 0.44552286145717046 0.8255293102292116 0.2027743468013618 0.3151978715585493
5 0.45821923943321285 0.733087142244434 0.06902278763096845 0.11810801285158128
3 0.669484521364198 0.7198045977581911 0.19880738468443174 0.5035600346004113
5 0.6765807453852976 0.5403399322448715 0.06252141535490914 0.13653967787060922
3 0.7616498780529171 0.6272404129674995 0.1780685497872394 0.5634788626613009
3 0.7507384192901816 0.23739400437426217 0.14825037378866845 0.4267136917107737
5 0.7678991500965451 0.40418491494466596 0.05586722376899793 0.10822367688202608
3 0.5332567163043039 0.4955433798871443 0.16557998542106594 0.4071651956651065
3 0.5446048536635003 0.7677393734613537 0.17582907057035974 0.42004719764227294
5 0.5432112344895342 0.6205606259328116 0.06622556956195354 0.12266817885919253
5 0.5438167939120293 0.3556677963890471 0.056304266343644827 0.11447367688202607
3 0.43065052237260426 0.4366233191264602 0.16210506017879958 0.49115819368794006
3 0.41334767993384336 0.24958357555225077 0.1368215648703767 0.30783635771838497
5 0.4434722225084903 0.24212390262455732 0.04685285668871888 0.09071784190105418
3 0.664429578693006 0.29076835517256494 0.14181470349008068 0.4015226907221906
5 0.6706681430591795 0.13470935616114812 0.04005655347041017 0.08265067391627663
5 0.7621561565528329 0.0741127543742622 0.04674359604505725 0.08915534190105419
5 0.4188706962774883 0.13717907604654234 0.04140053218308672 0.07958934091247101
3 0.6294914860021436 0.1776754475679107 0.11175586289290518 0.35044035178688593
5 0.6467550316788836 0.042200862586938746 0.041182010895763274 0.07646434091247101
3 0.571667914346503 0.14864711114124501 0.13478917130699397 0.29729422228249003
5 0.5771034493795814 0.014321190685009533 0.03641810124083733 0.028642381370019065