3 0.6658910434310433 0.7875732396853145 0.18856721671852164 0.342470995308423
5 0.6746405263849147 0.6886440667888365 0.05837733603812652 0.1258083831718224
3 0.7973007305248301 0.7245437259395595 0.179511590906095 0.44951867080279084
5 0.8040570653451405 0.5609893243304052 0.048675053570722326 0.10640281930985207
3 0.4604786148586732 0.6646049052923251 0.17579803002847677 0.594394128228144
3 0.5278275763021891 0.471843968902194 0.14401046752930072 0.47200567599857096
5 0.4794952163180753 0.4245044291775387 0.051772780031772214 0.10505884059717552
3 0.6968287666423867 0.3562468300303884 0.13915932629559863 0.4623028940675857
5 0.7077504500827254 0.17757552681207972 0.04212504464226861 0.08877827673520514
5 0.5357197171288541 0.28792243697120884 0.04530459172016936 0.09212179802252862
3 0.35713502110661366 0.3714172700268158 0.13891386444504547 0.4482403940675857
5 0.3718265868522007 0.20028531519935272 0.042179591720169364 0.09190327673520515
3 0.23616004789197484 0.32837710023243105 0.1324184025944925 0.4337408514929388
5 0.2459868356343847 0.16772917733595327 0.03919095941492108 0.09949725544788164
3 0.2989794220795483 0.2163034351296234 0.12545929058178365 0.3926788089182918
5 0.30469540827983066 0.06764741384229994 0.040589818181219074 0.09023151609154338
5 0.5753373705374207 0.20868305120149627 0.044042100648623086 0.10920003737886683
5 0.5756976550334197 0.09863606184515805 0.03894549756436803 0.08543475544788164
3 0.4350396530048249 0.2007053863123529 0.12096270535443594 0.4014107726247058
5 0.4463062098219582 0.046040575590912916 0.03749209172016936 0.09157549480421992
3 0.6235896842544129 0.1489820362444099 0.10586381087432314 0.2979640724888198
5 0.33260916477924296 0.9271427461416021 0.05467959172016936 0.09277736188449878