3 0.17597118580159976 0.5260137200803818 0.21069608841329507 0.47958231648875016
5 0.15298362984996272 0.3501058367216318 0.059477951570210366 0.11224673328249998
3 0.29021084521022666 0.35628048869774276 0.1765531059642723 0.32576633225631957
5 0.2737256903539463 0.2520475835874998 0.05906877461060622 0.09818423328249999
3 0.41072793369002875 0.3464489341768399 0.20224709092057752 0.4575254785328474
5 0.3883625033652123 0.17599161702249969 0.055716454077492816 0.09029899810013893
3 0.34914923917944735 0.20891387300642333 0.15393395988348058 0.35334581838861123
5 0.3358034561890639 0.07728266650940945 0.04749477711788872 0.07605466014423615
3 0.3169562354850306 0.6445247178961803 0.24004861929210747 0.5224244331300001
5 0.2969261949727998 0.4474685331506595 0.06246655925034235 0.10763196846486114
3 0.5095947133817068 0.7587105852030204 0.24613348324044554 0.4632312710859029
5 0.49764394583072963 0.6059674449104163 0.07564852084968247 0.13136040919430556
5 0.733088386184676 0.8589060344818396 0.08230769780928675 0.14556837955902785
3 0.882372983835678 0.7726749809108673 0.19779160847155489 0.30440047853284735
5 0.8807172071135007 0.6954221498888187 0.07546666442319179 0.12511040919430555
3 0.581027095672445 0.6649229111910759 0.24054872446495706 0.5396119331300001
3 0.5306994528903586 0.35536737965593707 0.18040553167023532 0.3508390674386807
5 0.5476476090002802 0.4705196009705898 0.0692621285298145 0.12652743882958345
3 0.7220027513201482 0.4617771145539577 0.222497406439126 0.5095243896270141
3 0.7028569123781278 0.1630571655594789 0.17866117524374445 0.3261143311189578
5 0.6939783543814266 0.27115276776433966 0.06233016693047429 0.10294446846486113
3 0.6149738498290802 0.544682493163055 0.20861676286561667 0.5154470813063892
5 0.5773698644105565 0.3613076019205203 0.06930759263643722 0.12808993882958344
5 0.5191973147271256 0.2408691217721523 0.05764266693047428 0.1028353656913195
5 0.6799459127738391 0.01031337205649278 0.04635817445232178 0.02062674411298556
3 0.5953111853393813 0.2008422273954856 0.17538306254904762 0.3928810970739585
5 0.5738717575218474 0.052223542649964795 0.042807277117888634 0.07594555737069449
5 0.5612868409870846 0.008533972930173384 0.03992631802583091 0.017067945860346767