5 0.95234375 0.946875 0.05859375 0.10546875
3 0.80625 0.68046875 0.15078125 0.58671875
3 0.75234375 0.475 0.13203125 0.48125
5 0.80625 0.44765625 0.04765625 0.11796875
3 0.6203125 0.8453125 0.18359375 0.309375
5 0.63046875 0.7484375 0.05859375 0.11484375
3 0.52265625 0.68828125 0.1515625 0.5484375
3 0.5109375 0.31875 0.12734375 0.40546875
5 0.5265625 0.47421875 0.05078125 0.1140625
5 0.75234375 0.284375 0.04453125 0.09453125
3 0.85234375 0.35859375 0.109375 0.43046875
5 0.8515625 0.19375 0.0390625 0.09609375
3 0.628125 0.20859375 0.11796875 0.38125
3 0.59609375 0.48671875 0.12734375 0.49453125
5 0.6015625 0.29375 0.0453125 0.1015625
3 0.49765625 0.10390625 0.10234375 0.2046875
5 0.5140625 0.16796875 0.0359375 0.10546875
3 0.3125 0.28828125 0.11171875 0.42421875
5 0.3203125 0.121875 0.0375 0.0859375
3 0.81015625 0.196875 0.09140625 0.30625
5 0.8234375 0.08359375 0.03828125 0.075
5 0.63125 0.05546875 0.03359375 0.071875
5 0.49765625 0.03125 0.0328125 0.0625