5 0.9375 0.8640625 0.05859375 0.1296875
3 0.6390625 0.8703125 0.171875 0.259375
5 0.64140625 0.81328125 0.05625 0.13359375
3 0.38828125 0.79453125 0.16484375 0.41015625
5 0.4 0.64921875 0.05390625 0.11875
3 0.4734375 0.68984375 0.14921875 0.52421875
5 0.478125 0.47890625 0.04375 0.0984375
3 0.8 0.66171875 0.13828125 0.5203125
5 0.803125 0.45078125 0.040625 0.0953125
5 0.7890625 0.34609375 0.04453125 0.09921875
3 0.6484375 0.46796875 0.11015625 0.45
5 0.66171875 0.28671875 0.03984375 0.08828125
3 0.6171875 0.1484375 0.08984375 0.29609375
5 0.65703125 0.2015625 0.03515625 0.08203125
3 0.725 0.2125 0.10859375 0.4140625
5 0.725 0.05078125 0.03515625 0.08515625
3 0.5515625 0.228125 0.10859375 0.42578125
5 0.55703125 0.05625 0.03515625 0.07890625
5 0.61328125 0.01953125 0.0359375 0.0390625