5 0.371875 0.9140625 0.04921875 0.11484375
3 0.69140625 0.8140625 0.1671875 0.371875
5 0.69375 0.68828125 0.04765625 0.11640625
3 0.81171875 0.759375 0.15 0.48125
5 0.82265625 0.9359375 0.04921875 0.128125
5 0.80625 0.56875 0.04296875 0.0984375
3 0.48046875 0.64453125 0.13671875 0.53828125
3 0.5265625 0.4671875 0.12265625 0.434375
5 0.4875 0.4234375 0.0453125 0.090625
5 0.52734375 0.290625 0.0390625 0.08203125
3 0.240625 0.32734375 0.10703125 0.41484375
5 0.24140625 0.16953125 0.03359375 0.0953125
3 0.28671875 0.2140625 0.103125 0.3734375
5 0.28515625 0.06640625 0.03359375 0.0765625
3 0.3703125 0.3640625 0.115625 0.40859375
5 0.3765625 0.20078125 0.03515625 0.084375
3 0.6984375 0.3734375 0.11328125 0.43359375
5 0.7 0.1984375 0.03671875 0.08125
3 0.425 0.20859375 0.09765625 0.38671875
5 0.42890625 0.053125 0.03046875 0.07421875
5 0.56796875 0.21953125 0.0375 0.10078125
5 0.5609375 0.1140625 0.03515625 0.08359375
3 0.61015625 0.1421875 0.09140625 0.284375