3 0.28031982850881926 0.8212276369384905 0.18042663229880312 0.3402678798517325
5 0.29065218249983604 0.7264508502780017 0.061160733209776996 0.14258929328391085
3 0.40776776063013714 0.7020733544543528 0.16975206024376982 0.5708631154237622
3 0.4427529181566838 0.4152628352170592 0.14488594718226028 0.2609970421027844
5 0.42502721561694584 0.4759647222403679 0.05214783175849824 0.10794147477225664
3 0.5816293573647597 0.7732514060909661 0.17054569001068423 0.41483137023308564
5 0.5693153519224643 0.9024304746026205 0.06784724282842376 0.15530754809323427
3 0.8573734018297969 0.7870311307784047 0.17521334264308946 0.3697371250424089
5 0.8622742113557766 0.6690350989272392 0.05905259618646852 0.12690972958158006
5 0.5873759042768677 0.6310366242398008 0.05749009618646852 0.12685516587924894
5 0.4518675125290537 0.3330133304077358 0.040664694735189674 0.09193452885594056
3 0.731257368249351 0.5105281728811892 0.14482149291324192 0.48259922359113006
5 0.7418749536360463 0.318204263625362 0.04389882213985139 0.09516865626060227
5 0.7589384572642434 0.23177569030438433 0.0455704495445131 0.09834821996293312
3 0.63146324329176 0.351711222788522 0.1132788270339928 0.42843751324684387
5 0.6482663412923271 0.18336052687220597 0.04357143992586625 0.08579365626060227
3 0.5992360750502582 0.24671618794213165 0.09001988710812654 0.3433531851165427
5 0.6174999801297341 0.12591261462115394 0.037867076949174815 0.10120040145127884
3 0.7102504753204106 0.14231146325469313 0.11387404935917864 0.28462292650938625
3 0.5472321201482676 0.16000616670148035 0.11647325970346482 0.3200123334029607