3 0.24914692748163053 0.7456255002117615 0.2465476840202344 0.49619027346576167
5 0.22525801577873264 0.5771408107209878 0.0731150961864685 0.12900423151356133
5 0.8674901889143758 0.7651926744822171 0.08777779691210767 0.14701077886860806
3 0.9179960649682751 0.6657849377069838 0.1640078700634497 0.46055661035393436
3 0.8904514514434296 0.41392630609460046 0.21871037149902994 0.41348418927901226
5 0.9260839057972661 0.5151856982303276 0.07807541469812271 0.1370897472985769
3 0.4556622783926043 0.5394532819935541 0.20090282340579574 0.35007413666229364
5 0.43931553737827905 0.43002507408692897 0.06297620435383652 0.10658319994353031
3 0.5350943511654279 0.7516732899566491 0.25590283665263963 0.45151481029746476
5 0.5140229046161398 0.6190350952042035 0.08029267912609299 0.15593075256024883
3 0.7249703282999371 0.6294511375093398 0.2699901624206881 0.631657336605824
3 0.6967708841129017 0.33752894801856603 0.19801592558271394 0.4013636208772782
5 0.6843452951828274 0.3852229953736127 0.06459326805616747 0.1082367052052021
5 0.8747123456383143 0.2770633429263034 0.0679365228654909 0.11466871572854576
3 0.8258209778522995 0.28930500866896663 0.20732149291324192 0.4892276419239656
5 0.7929018065307547 0.10882084811738806 0.05817957694917482 0.1031851841585147
5 0.6617733468194407 0.20961605062116712 0.06034227767481433 0.12046368942018655
3 0.5502803192294445 0.4243449505082276 0.21746038474587373 0.5116486734939967
3 0.5027877272193273 0.18521383205002384 0.16637900126594438 0.2545040314288568
3 0.4699553798517324 0.1574198449218548 0.16178575970346482 0.3148396898437096
5 0.5169519201404184 0.23214203995664903 0.061359140651505585 0.10492969468185845
5 0.4911210517214313 0.12013486362005495 0.05812501324684405 0.10162268415851469
5 0.4488020877489479 0.01997690546637464 0.042862111795565025 0.03995381093274928
3 0.41617561542376214 0.13707303569275292 0.13196928493120835 0.27414607138550584
3 0.6148388047166562 0.0957928292074264 0.1359276094333124 0.1915856584148528