3 0.234375 0.8484375 0.17890625 0.303125
5 0.246875 0.76328125 0.05390625 0.13046875
3 0.50546875 0.87265625 0.1796875 0.2546875
5 0.5125 0.81953125 0.0609375 0.13984375
3 0.3546875 0.60546875 0.13828125 0.51015625
5 0.35703125 0.40703125 0.04765625 0.10625
3 0.5734375 0.5609375 0.13515625 0.3953125
3 0.6 0.81171875 0.14296875 0.3765625
5 0.58984375 0.69296875 0.05703125 0.13359375
3 0.75625 0.778125 0.165625 0.44375
5 0.76015625 0.62890625 0.05546875 0.13984375
5 0.57734375 0.41953125 0.04765625 0.10859375
3 0.82734375 0.7125 0.12265625 0.56875
5 0.8171875 0.48125 0.04609375 0.10546875
3 0.46484375 0.49453125 0.12578125 0.4953125
3 0.4375 0.30625 0.12109375 0.321875
5 0.46953125 0.290625 0.03984375 0.08671875
3 0.69765625 0.3640625 0.1046875 0.41953125
3 0.7734375 0.30078125 0.11015625 0.43125
3 0.59453125 0.17421875 0.1046875 0.3484375
3 0.6515625 0.24921875 0.08984375 0.3859375
5 0.44140625 0.184375 0.03359375 0.07578125
5 0.59375 0.03984375 0.03203125 0.0796875
5 0.775 0.13125 0.0390625 0.0859375
5 0.69921875 0.1921875 0.03125 0.07890625
5 0.66171875 0.09140625 0.03203125 0.07421875