5 0.4348274536387292 0.9314732663268867 0.05926653663473154 0.11904266587924894
3 0.7446384656245169 0.8196788606568477 0.19950419154139992 0.3606422786863046
5 0.7357027996365718 0.7056945386442234 0.05778592378986112 0.12055060217691818
3 0.8595364473071511 0.7655977678244993 0.19265440524535293 0.4688044643510015
5 0.8859362522592484 0.9438467807548572 0.05992163387576923 0.11230643849028574
5 0.8378274643813214 0.586049215956218 0.052115777928304394 0.10163691106992552
3 0.5189756450685875 0.6622545295737308 0.1831023428300238 0.5475893065307549
3 0.5502245658062309 0.484766935834333 0.16051029059146024 0.44386410580511537
5 0.5073886126177276 0.44116077957373073 0.05326884215265544 0.0938789747722566
5 0.535502567276569 0.308013462876175 0.0465275192218769 0.08428571996293313
3 0.25202168193046154 0.3449033053496284 0.1438207575747735 0.4230059687818068
5 0.2390635792623566 0.1869271142426358 0.04257700361804462 0.09818452885594056
3 0.28819047602842474 0.23153277531256147 0.13535980438627018 0.3806002139724833
5 0.27420213986866326 0.08365827050323806 0.040031857756487634 0.07937996515360968
3 0.38495036861062143 0.38151790634542027 0.1513057089542545 0.417028787293461
5 0.3771744108995624 0.21826393819658568 0.042003793532136416 0.08724702885594056
3 0.7129525378779269 0.3906325338349 0.15105340343633067 0.44197422359113014
5 0.6990936765033946 0.2154688427279074 0.0434025192218769 0.08417659255827141
3 0.42593945952008133 0.22620541296884222 0.131409288782438 0.3944990228654908
5 0.41622918758467103 0.07068209926651137 0.03674308344622812 0.07614583774894798
5 0.5691948145630356 0.2366667417321155 0.045947665083433974 0.10298115626060225
5 0.553552125169342 0.13162457766696498 0.041921906377006476 0.08568452885594055
3 0.6050260939616777 0.16149561614155236 0.11630218792335541 0.2847966406515056