3 0.71953125 0.734375 0.18828125 0.53125
5 0.74375 0.528125 0.05234375 0.1109375
3 0.9 0.83203125 0.18203125 0.33515625
3 0.86875 0.56640625 0.12421875 0.4890625
5 0.89765625 0.73828125 0.05703125 0.14296875
3 0.55234375 0.88359375 0.18125 0.23203125
3 0.5734375 0.7453125 0.15703125 0.4296875
5 0.553125 0.83515625 0.059375 0.13828125
5 0.5765625 0.59140625 0.05234375 0.11875
3 0.26328125 0.50859375 0.13046875 0.49140625
5 0.27421875 0.3171875 0.04140625 0.09921875
3 0.86171875 0.32421875 0.12890625 0.29296875
5 0.86875 0.37578125 0.04453125 0.10625
5 0.86875 0.2265625 0.0421875 0.090625
3 0.49140625 0.571875 0.14375 0.528125
3 0.52578125 0.24375 0.1078125 0.3765625
3 0.49375 0.29609375 0.11796875 0.25625
5 0.49453125 0.37109375 0.0453125 0.1203125
3 0.653125 0.45390625 0.13203125 0.540625
3 0.66015625 0.20546875 0.11015625 0.25078125
5 0.65546875 0.225 0.03984375 0.08125
5 0.6609375 0.13359375 0.03359375 0.1
3 0.4765625 0.14296875 0.08671875 0.2859375
5 0.49609375 0.2109375 0.03515625 0.084375
3 0.76015625 0.2265625 0.1046875 0.421875
5 0.75625 0.05859375 0.03359375 0.0765625
5 0.53125 0.096875 0.0375 0.08046875
5 0.48203125 0.02578125 0.034375 0.05078125