3 0.5722767673745677 0.8570393293751091 0.21506522037968576 0.2606432979675713
5 0.5796144234963471 0.8067665447353729 0.0806663626613009 0.14124477711788863
3 0.7524298409868331 0.8056490109535666 0.2203840731551548 0.352876262074194
5 0.764602235739906 0.7012653878340285 0.07390702669174569 0.12856292069139794
3 0.229277547983465 0.6167231840857401 0.2162244496566202 0.5572000492212125
5 0.25489833600673617 0.4008792237400412 0.06402269072219058 0.11579013605166186
3 0.47694306824942007 0.7057245334526019 0.2432326186299809 0.5689104390337979
3 0.4856854209877081 0.40198576801319563 0.1708987263111849 0.2874498388755135
5 0.4983538587441492 0.501735715426771 0.06972886266130089 0.14092652837152997
3 0.8808639057018499 0.7135260439439501 0.2166409437251211 0.5291205133278352
3 0.8970340978697342 0.4385116720780532 0.18788990813612685 0.35973401583511766
5 0.8988459486680369 0.5213696361846759 0.06603085969555131 0.12677310015828452
5 0.9148198226608635 0.31832119253202434 0.05876218775644091 0.10159124373179385
5 0.4944927352084335 0.31099705516021425 0.05213018577927464 0.09203438730530315
3 0.6752439639910762 0.6006181816449646 0.23139846349678467 0.6231887620741938
3 0.7166542366913082 0.3115724020197935 0.1648052352084335 0.32941001834239997
5 0.6953668271094877 0.3458253815658224 0.05544618676785795 0.0968128155185485
3 0.5652164120904596 0.3574341344688163 0.18172743285070628 0.47660326708875883
3 0.5609732865775775 0.15732047420225953 0.1516393903416297 0.2744042695960413
5 0.578892957033813 0.17478911902941005 0.05394735376405215 0.09832985141192578
5 0.5685046022811775 0.07340847545590076 0.050695019771663394 0.09511392319868044
3 0.8403291586304185 0.333003469649913 0.17834776486592857 0.4702623388755135