5 0.6078125 0.9490203756753811 0.075 0.10195924864923782
3 0.8125 0.7623859604291043 0.20625 0.4752280791417913
3 0.86640625 0.48572432294245954 0.15 0.45836311542376224
5 0.828125 0.5992312622353536 0.0609375 0.12556548439090331
3 0.7359375 0.6546057537978331 0.190625 0.5957192716843643
5 0.7609375 0.42110377303512686 0.0546875 0.10503472958158003
3 0.859375 0.3409475362819707 0.1578125 0.38676093393541644
5 0.88046875 0.31590289626343726 0.0484375 0.10169147477225646
5 0.8734375 0.1976886096029484 0.046875 0.08444941106992565
3 0.5765625 0.6318527561600857 0.1828125 0.5516964531727101
3 0.65625 0.33385425497895943 0.159375 0.4555654976377473
5 0.6015625 0.4210070253973795 0.0578125 0.10983135698624161
3 0.5109375 0.4350298306621898 0.175 0.4795486346610559
3 0.53203125 0.1834226906436564 0.128125 0.22634922359113013
5 0.53046875 0.2607118769413256 0.0515625 0.11898810217691827
3 0.3125 0.3616939904661712 0.15 0.46305061542376214
5 0.33359375 0.18821185044763772 0.0453125 0.09533234736759484
5 0.67421875 0.0774504875557643 0.0390625 0.08417659255827137
5 0.5390625 0.11648072730414527 0.040625 0.07798115626060226
5 0.67421875 0.15245048755576426 0.0421875 0.07803571996293313
3 0.50234375 0.769511435749515 0.2015625 0.46097712850096995
5 0.521875 0.6150992765785059 0.0625 0.13030754809323425