3 0.2875 0.8765625 0.17578125 0.24609375
5 0.296875 0.82578125 0.059375 0.14453125
3 0.42109375 0.74375 0.15078125 0.51171875
3 0.4734375 0.5578125 0.12109375 0.425
5 0.43046875 0.54375 0.0484375 0.10703125
3 0.9015625 0.84375 0.16953125 0.31171875
5 0.9015625 0.75078125 0.05703125 0.1234375
3 0.6171875 0.82109375 0.16171875 0.35703125
5 0.61953125 0.70859375 0.0546875 0.13125
3 0.7671875 0.57421875 0.12734375 0.48203125
5 0.76796875 0.38203125 0.03828125 0.09140625
3 0.64453125 0.4078125 0.10390625 0.43515625
5 0.65703125 0.23359375 0.0375 0.08125
5 0.63125 0.17109375 0.03359375 0.0953125
5 0.4671875 0.39453125 0.040625 0.09375
5 0.76953125 0.28828125 0.0421875 0.09375
3 0.7203125 0.171875 0.10703125 0.34375
5 0.71953125 0.028125 0.034375 0.05546875
3 0.55078125 0.184375 0.1078125 0.36875
5 0.55859375 0.0203125 0.03359375 0.040625