3 0.21258493346326493 0.7525850101767654 0.1968406930985205 0.47734815128862385
5 0.21495654459145933 0.5846605257805976 0.06186585149293879 0.12778416327441172
3 0.4545432044984869 0.6693343396662644 0.19324579953513782 0.4927274898232348
5 0.4508615575809095 0.48212426673548603 0.05597648441265975 0.11035100180902227
3 0.5074328937386097 0.7865318057450666 0.21873783640980166 0.3897596200809595
5 0.508433029004119 0.6774876763918529 0.06997328243518837 0.15467421189493055
5 0.8637589394153498 0.9035091073062617 0.0748357450563212 0.11289614767057934
3 0.9259222696978396 0.7682499587311712 0.14815546060432078 0.3788287641334943
3 0.912630494009478 0.5478113059722093 0.174739011981044 0.42850121551297526
5 0.9454249306132734 0.6585064665330873 0.06888067599857095 0.13904921189493055
3 0.8780253550992351 0.35623463760941493 0.1568605492830361 0.41765224672063966
5 0.9208737727999328 0.39711526515360634 0.05764824505632156 0.11199538896415202
3 0.7284777312336919 0.6957519182512526 0.2110231614196369 0.5465894742194024
3 0.7397166079492267 0.4191551187262224 0.16492442155909562 0.3993935696514182
5 0.7223923501555565 0.47416684532047404 0.05666489926336595 0.0979328889641522
5 0.7254141713069939 0.2819007801916117 0.05027278763096845 0.11783595318850323
3 0.5767902730520343 0.4888545443251059 0.17479073047738733 0.518225456806548
3 0.5700275487788332 0.23515633423919757 0.15051272427320103 0.26008540818602893
3 0.5407281788485625 0.17394269278662502 0.1347234693295226 0.34788538557325005
5 0.5719613893760087 0.2852382213943273 0.05397694183801285 0.1040191146538925
5 0.8732400300893998 0.19809458898889595 0.04696211733238052 0.09275406603337358
5 0.5686892878830699 0.1599516163513732 0.04918018119435104 0.10221095318850329
5 0.5370354602753447 0.029005329037243628 0.03627598960843983 0.058010658074487256
3 0.48743393404434265 0.14408643543696448 0.10611786808868526 0.28817287087392895
3 0.7019116972858944 0.1207336049871833 0.1236988519971419 0.2414672099743666