5 0.9389997665000527 0.9587587601429745 0.06151019262201594 0.08248247971405114
3 0.7991343323640479 0.6999560990204747 0.16436456537301575 0.591871674511885
3 0.7503342597625574 0.49283334577406385 0.14343392095560184 0.4852671185055307
5 0.8043950458669109 0.46721178286785064 0.05069086729005079 0.11962275324641088
3 0.6083633657379268 0.8498399074657564 0.1908623910977642 0.30032018506848707
5 0.6214133324622437 0.7617043023496113 0.06161018657189175 0.11668866801906326
3 0.5155269468254284 0.697349701700988 0.16414639675510506 0.554371674511885
3 0.512208066747758 0.3277229943146619 0.13674758371978016 0.4101580243497292
5 0.5245802808397962 0.4842048193957398 0.05379768657189175 0.11655230032431163
5 0.7545682835702707 0.3022628928519645 0.04742951190385671 0.09613070616851012
3 0.8525649011549092 0.379762375805836 0.11970552946505401 0.43485801542127545
5 0.8558676840378089 0.21495953611426147 0.04118860226293641 0.09758411201270886
3 0.6315853015242516 0.22198328327488767 0.12722713797450638 0.3849943831160272
3 0.5932530127876194 0.4986861051095547 0.13882823418731843 0.4992477978886797
5 0.6037506721339523 0.3058809963432568 0.04746587334017516 0.10238070616851011
3 0.5040829911212054 0.1127156030809598 0.10744992739850953 0.20810460064862313
5 0.518554036398941 0.17703720170098805 0.0381181444174139 0.10690456493480816
3 0.3147472594679698 0.29067914163744385 0.12123166802873567 0.42863528896022585
5 0.325871632709949 0.12445016964062106 0.03956246974937905 0.0866193384737585
3 0.8144477984991895 0.21658053733207744 0.0986658007386847 0.3095034594149211
5 0.8299505995324618 0.10355838595210569 0.039498837235821684 0.07568183847375849
5 0.6387261567140541 0.06896737743068905 0.03479315651766246 0.07247501785690746
5 0.5052869428184076 0.04007298985043498 0.034738614363184796 0.06310001785690748