3 0.10550144418774823 0.5744150681750579 0.173872741613382 0.523044863649884
5 0.08102654700211079 0.38276873764271035 0.06022341041040422 0.1240396778706093
3 0.28143242556013526 0.7849493670727441 0.21190482067963412 0.39989120653952137
5 0.2928565019955514 0.6584041131184113 0.06711044724210717 0.13523184585538672
3 0.3841045863234753 0.5309555923581647 0.1904232047816791 0.5128077006080224
5 0.3845386838761661 0.33672808988670677 0.057932868317029394 0.11147601087441492
5 0.9311957490823668 0.9291902321311408 0.06347023677523325 0.07273184585538672
3 0.5296570939336345 0.8249536486702246 0.21029754707269782 0.3187685405319101
5 0.5368787887566672 0.7338193127006696 0.07245039462538863 0.1198615138401646
3 0.747171546649175 0.7275998517125238 0.2096436416416168 0.4948853715585493
5 0.7449734678652715 0.555406516731552 0.06572995776545092 0.1382931788591925
3 0.8349907940889262 0.6488434989370547 0.19048338894019387 0.5673678666156337
3 0.8019467207784562 0.2562885844123183 0.15756593117474296 0.4304116946765233
5 0.8282270416698518 0.4251513309522771 0.05775085779368574 0.10835101087441497
3 0.5992822652909053 0.5010439633852415 0.17522386803468065 0.41242569863085593
3 0.6251824255601353 0.7709426279099779 0.18487188381969624 0.41749520060802237
5 0.6160286914863251 0.6272244614080751 0.0680359104104042 0.12435801285158128
5 0.6012935443712749 0.3607863779099779 0.05811487884037305 0.11460101087441502
3 0.49201652588483624 0.4341522351340713 0.17388815216496062 0.4965460306460784
3 0.46377188659170654 0.24500882209220967 0.1443995312876824 0.3114070266917457
5 0.493186370806691 0.23911164916451622 0.04902830517696728 0.09240767589344294
3 0.7185573681052679 0.30354026920300986 0.15142234698799334 0.40522069368794006
5 0.715706841938083 0.14703560121823225 0.04232327886860805 0.08434050790866543
5 0.804155420933748 0.09252983194086034 0.048937299915295454 0.09084517589344296
5 0.4626882577513335 0.13228598760552926 0.04370376834526439 0.0812791749048598
3 0.6765757234798793 0.18778527661738362 0.12038517861449413 0.3540746877564411
5 0.6858912683452643 0.05192868965924531 0.04352175782192056 0.07815417490485979
3 0.6174590577372159 0.1529366924150301 0.14236659442774452 0.3058733848300602
5 0.6151468578642729 0.017543020475919824 0.03756018415851479 0.03508604095183965