3 0.9359375 0.76015625 0.128125 0.4796875
5 0.95390625 0.86953125 0.06328125 0.1359375
5 0.95703125 0.58515625 0.04921875 0.11640625
3 0.76171875 0.7828125 0.1578125 0.434375
5 0.76015625 0.64453125 0.05 0.1484375
3 0.57265625 0.828125 0.1671875 0.34375
3 0.5203125 0.7359375 0.16171875 0.528125
5 0.5765625 0.7265625 0.06015625 0.13203125
3 0.47890625 0.42578125 0.12890625 0.4515625
3 0.55546875 0.34765625 0.10703125 0.45546875
5 0.53046875 0.540625 0.05390625 0.1296875
3 0.36015625 0.26640625 0.11953125 0.459375
5 0.365625 0.08359375 0.03984375 0.08828125
5 0.4828125 0.24453125 0.0390625 0.08828125
3 0.77109375 0.378125 0.12578125 0.4609375
5 0.775 0.1921875 0.03671875 0.0859375
5 0.55 0.16328125 0.03984375 0.08671875
5 0.50703125 0.06796875 0.03828125 0.08671875
3 0.72265625 0.16875 0.09609375 0.33671875
5 0.721875 0.02578125 0.03828125 0.0515625