5 0.63828125 0.83046875 0.06171875 0.1203125
3 0.525 0.734375 0.1546875 0.53125
3 0.50625 0.36171875 0.13203125 0.42578125
5 0.5265625 0.53125 0.05390625 0.11875
3 0.81953125 0.71484375 0.1515625 0.5703125
3 0.85625 0.38125 0.11328125 0.41796875
5 0.81640625 0.49375 0.04921875 0.1234375
3 0.7484375 0.521875 0.13515625 0.49609375
5 0.75234375 0.32578125 0.0453125 0.0984375
3 0.59140625 0.5421875 0.13046875 0.5140625
3 0.63359375 0.25625 0.11953125 0.4234375
5 0.596875 0.3359375 0.0453125 0.1
3 0.50234375 0.13359375 0.103125 0.2203125
5 0.51171875 0.2046875 0.0390625 0.10703125
3 0.30546875 0.328125 0.1140625 0.43125
5 0.3140625 0.15703125 0.0375 0.08828125
3 0.8296875 0.23203125 0.11796875 0.325
5 0.85625 0.2203125 0.03984375 0.09453125
5 0.8328125 0.109375 0.03828125 0.07578125
5 0.63671875 0.08359375 0.03515625 0.06640625
5 0.50234375 0.0609375 0.03359375 0.06875