3 0.9139379673774524 0.7973944135614269 0.1721240652450952 0.3296989569792892
5 0.8736900634547672 0.8794626197299372 0.06871473201781733 0.13242276217486476
5 0.9171298860995863 0.7177341871003773 0.06112040802036276 0.1510363944801128
3 0.7834344967377239 0.5098689143722058 0.18139982940799654 0.5530546363624381
3 0.7400101187141797 0.33715416315438984 0.15518168006045166 0.44793075973923263
5 0.7653004727084526 0.29451664976170927 0.05443405601527207 0.11342730032431163
3 0.63035659209895 0.7180513814977647 0.20781687873963292 0.5410182865245938
3 0.5986402313812705 0.3427474184293956 0.14865896005726995 0.4243841655834313
5 0.6209072247374058 0.5103616124230411 0.05903064934754489 0.10569662094116268
3 0.5428458594048149 0.5171940393705582 0.17616688940163314 0.5060978157455871
3 0.5002016366963623 0.21006337784431675 0.14344420138445207 0.37898984496658034
5 0.5304442147119525 0.32440256737373546 0.05283519334818117 0.11027502678536116
3 0.5842306440165447 0.11733395576476839 0.12783628803308938 0.23466791152953678
5 0.5881465320257716 0.1796161728936225 0.049455654678545 0.08834547970746054
3 0.7528897373488175 0.10795322727512384 0.10577947469763486 0.21590645455024768
5 0.7317419906906353 0.16382575731019125 0.04791133601209037 0.08988070616851021
3 0.3110664113621805 0.20711347605730784 0.13437828405472468 0.4053887037328782
5 0.30611418734086326 0.050136773135208534 0.041588610677908554 0.08352161201270884
5 0.49237895134468135 0.07501622200011808 0.04180678668045381 0.10227161201270882
3 0.8219771867043164 0.26305241559002185 0.13813963072881527 0.4601307508107789
5 0.8050425833465903 0.08362401421005008 0.044786336012090186 0.08982615909060954
5 0.7595931760025454 0.012299808038244596 0.04106135200509069 0.02459961607648919
3 0.07190774542485942 0.6731005349030361 0.1345793734086329 0.5569239301939278