3 0.7459678188544097 0.8781694302583094 0.2355908593866783 0.2436611394833811
5 0.7608265314270222 0.84055839931299 0.08601889081820957 0.1382561694377568
5 0.5651202332462677 0.9249474903665815 0.09299663688926821 0.15010501926683695
3 0.20362184532354233 0.6698675337818063 0.2581038300220614 0.5832911877801568
5 0.23941798841806353 0.4501149749271754 0.0710830955329393 0.11909699247815264
3 0.46198446298238816 0.7482054824490227 0.2660575711307212 0.5035890351019546
3 0.470107216292157 0.49505671654739813 0.19787684367091246 0.3287568004748536
5 0.4869736927185085 0.5891704294003797 0.07871581306795061 0.1489663489046432
3 0.8712888424280582 0.7863289227364619 0.24119881223938117 0.4273421545270761
3 0.8966588881298678 0.55512466765539 0.20668222374026435 0.37907504922121243
5 0.8986774801458959 0.6510820253355221 0.0762072431755744 0.12860838479802067
5 0.48409047952672335 0.3932585358268703 0.06098034946188076 0.10319920783841656
3 0.6710105525194714 0.6934390775927424 0.2761303920565547 0.6131218448145151
3 0.732401700990676 0.41452709672656524 0.19537258188408818 0.3754954081549856
5 0.7059869042576637 0.45042749280735705 0.06239730024766903 0.1001196719450391
5 0.9242445986333113 0.4294714497878437 0.062324525640563164 0.09855717194503928
5 0.7330116689399722 0.293615203153056 0.06000004631872748 0.11565374373179385
3 0.8619265351510759 0.43155913552293645 0.20769710752465115 0.472597728688099
5 0.8832085680303493 0.2519542035487674 0.05422092721213971 0.09207985141192579
3 0.5706487177398991 0.4425885975844951 0.22023564888098016 0.5072909774344578
3 0.5890925409420441 0.20204616561032607 0.16509426881613756 0.2279384465556454
3 0.575064274192821 0.1688699527573446 0.1531807737785364 0.3071713054894186
5 0.5960724410658786 0.2514013079301941 0.06247007485477489 0.10168217194503919
5 0.5981550177826803 0.14535589640999613 0.05592897642635144 0.09525031551854848