3 0.8734375 0.8015625 0.17421875 0.396875
3 0.86796875 0.49921875 0.11953125 0.440625
5 0.8734375 0.66875 0.05625 0.13046875
3 0.54140625 0.8375 0.178125 0.325
3 0.575 0.6953125 0.1484375 0.45859375
5 0.54296875 0.74296875 0.0578125 0.13046875
3 0.7296875 0.71171875 0.16875 0.57578125
5 0.7453125 0.47734375 0.05078125 0.10859375
5 0.58046875 0.525 0.0515625 0.1140625
3 0.27890625 0.45859375 0.12265625 0.4796875
5 0.28671875 0.271875 0.04140625 0.096875
3 0.49609375 0.51875 0.140625 0.50625
3 0.50078125 0.253125 0.11328125 0.24375
5 0.49921875 0.328125 0.04296875 0.11640625
5 0.86640625 0.33203125 0.04375 0.103125
5 0.8609375 0.20078125 0.04140625 0.08984375
3 0.7421875 0.203125 0.10234375 0.3953125
5 0.7390625 0.03359375 0.03125 0.0671875
3 0.64921875 0.40625 0.13046875 0.51640625
3 0.6515625 0.1546875 0.11015625 0.18828125
5 0.6515625 0.18984375 0.03828125 0.0796875
5 0.65390625 0.10546875 0.03359375 0.09453125
3 0.51953125 0.13203125 0.1078125 0.21484375
5 0.5015625 0.17421875 0.03359375 0.08125
5 0.525 0.06875 0.0359375 0.084375