3 0.2213297115328332 0.47813908467146493 0.19658812430667236 0.4851526573089705
5 0.19443092775102694 0.30688464836655543 0.05626202335696497 0.11121690468807692
3 0.30329746239076305 0.3093006446659276 0.16221782132453627 0.32231269586563344
5 0.2854985454602888 0.20868937538759616 0.05438127461060631 0.10017927513842759
3 0.35468543230337346 0.5689970172757467 0.217673514119258 0.5130168414544117
5 0.329584829242095 0.37884238664636316 0.057688131037097 0.10662953423772628
3 0.5454648596586891 0.7234878508674775 0.23601433715965392 0.5001558960502036
5 0.5225177899835055 0.5535455906884446 0.07087009263643722 0.13086807063492073
5 0.7689454752563798 0.7913507695920984 0.07596676959604132 0.1452309592838688
3 0.9067490713245363 0.7331005737264651 0.18650185735092747 0.34436697100406094
5 0.9015497236070271 0.6411831839977828 0.06756323620994635 0.12441781153562222
3 0.736204553773559 0.41931508328718897 0.20333822947952207 0.5027406755075677
3 0.7196174811953815 0.1434858775470645 0.15485996239076308 0.286971755094129
5 0.7041636289255259 0.23273603563122744 0.05755173871722903 0.10194203423772627
3 0.6005124093421198 0.5978579927556279 0.2165201910788621 0.5269792119047626
3 0.5535020508705651 0.3003111667220363 0.16382578543115897 0.3239753254152828
5 0.5644970383341528 0.40918551897378963 0.06425637978345584 0.11796755243632351
3 0.43073214060400844 0.30426508636950794 0.1766105934278599 0.4417636027131787
5 0.4040152132486929 0.13926065006459845 0.05259145407749277 0.0922666455887783
3 0.3658392633278351 0.1785535444952008 0.14800220862983932 0.3571070889904016
5 0.3494293501582845 0.03865867520302605 0.042716348904643375 0.07447836829088235
3 0.6210031025990601 0.46818098473606345 0.1804175550272003 0.4654013618124774
5 0.5866100675636126 0.30836469617940054 0.06131323620994635 0.1240172933370248
3 0.6074046377010145 0.17844067088408938 0.16104777790931166 0.35688134176817876
5 0.5820145296251711 0.027339245837946856 0.04124477711788863 0.05467849167589371
5 0.5403451698334681 0.19783700879475682 0.054335810503983596 0.09861677513842756