3 0.5200821157379268 0.8300365601747792 0.1830498910977642 0.314648836368231
5 0.5268684469236242 0.7376672037482884 0.05383404800821019 0.12342077962517113
3 0.6874746696980653 0.6556633828194636 0.14834867993259238 0.5261031619159094
3 0.7337552929400447 0.4879386737274059 0.14941121018321332 0.440211126022532
5 0.697286527814734 0.44603833023303885 0.04901928298109546 0.10140938730530316
3 0.9048025493829523 0.7594773899455995 0.169614625874258 0.4220521594086268
5 0.9048894286750556 0.610281371998911 0.0459306444174139 0.10756845909205773
3 0.957414464975801 0.7118605923737398 0.07949868598271656 0.5069152412245114
5 0.9671217839630544 0.520204289787315 0.05381586729005079 0.12029577962517131
3 0.7306131539835796 0.2224500660472739 0.12214875253408283 0.31912573620994644
5 0.7291955788480065 0.33184779810058523 0.042860186571891744 0.11685253087881238
5 0.7288920935805334 0.11548701220720792 0.041170421544777014 0.09493206677218971
3 0.5578882054096355 0.3735448677757688 0.13720210167376123 0.4898474131695506
3 0.5829341780858807 0.23065267412311724 0.11924192115199368 0.3565348079967011
5 0.5621904069104459 0.17111018956252344 0.041061337235821685 0.07618206677218971
3 0.3770427263886784 0.30928745414399983 0.12609188485124836 0.45984166442319185
5 0.37498129840099365 0.1265658823572452 0.04111587939029935 0.0855570667721897
5 0.7178051235365668 0.01794104011651943 0.03626475292686635 0.03588208023303886
5 0.5891619730690287 0.10002479974993787 0.03956246974937905 0.08707410266556703
5 0.5724289910230096 0.029820746074474103 0.03636474687674198 0.059641492148948205