3 0.4164215599630695 0.7856111148810351 0.24468337716935853 0.4009361374938141
5 0.39552040094789487 0.6731487364323326 0.08154971463952716 0.14455558344622793
3 0.9133883736547018 0.6769698614901332 0.1732232526905964 0.4431302815463489
5 0.9210040903611436 0.538316797265782 0.07918669396136266 0.12728619629109836
3 0.6762096288219883 0.6968131292416719 0.2441054884180634 0.4554598631835546
5 0.6475302030575907 0.5518657994134886 0.07955056699689216 0.13509869629109836
5 0.7042704704259861 0.8284792090698556 0.09157968610347993 0.15910940637700657
3 0.7559890583104397 0.42557553708901663 0.22561235359570997 0.4934578301668678
3 0.7606144381703945 0.30629327058067324 0.20736746773989906 0.4363889586155702
5 0.7244307274598087 0.15155818295057366 0.05927230024766903 0.10130355042954128
3 0.6333605794028888 0.29808238014618316 0.18883579156121666 0.4400938127540132
5 0.6075321718354563 0.1302740824301753 0.05400260339082212 0.08855788896415207
5 0.7182770808506309 0.23802794945891703 0.05578342721213971 0.09332727611928178
3 0.45367738750844067 0.3748506772963641 0.18373726095825482 0.26369508706427275
5 0.44340766749223004 0.30568791949444796 0.05927230024766903 0.10130355042954128
3 0.5091462533052596 0.6577959741078608 0.26271855541495553 0.5873649604245926
5 0.46574504797135746 0.4321718543655856 0.06922949710451576 0.11429487336031982
3 0.5698738141014079 0.21291284204111371 0.15907120884855885 0.36995173111680735
5 0.5537864336222805 0.08610135854945708 0.05324062406898662 0.10566350180902231
3 0.496939274192821 0.1414937019453079 0.1657535483856421 0.2829874038906158
3 0.6528425177826802 0.11313965061125542 0.1619350355653605 0.22627930122251083