3 0.7609375 0.825 0.15 0.35
5 0.76953125 0.71171875 0.05390625 0.11640625
3 0.8421875 0.75859375 0.14765625 0.48203125
5 0.82421875 0.58671875 0.0453125 0.1359375
3 0.21953125 0.50625 0.140625 0.5234375
5 0.21875 0.29296875 0.04453125 0.096875
3 0.58828125 0.61328125 0.1453125 0.56796875
3 0.6015625 0.26328125 0.109375 0.3484375
3 0.5546875 0.39609375 0.12578125 0.4046875
5 0.596875 0.37265625 0.0453125 0.08359375
3 0.753125 0.4296875 0.1328125 0.48125
3 0.74375 0.19609375 0.115625 0.2296875
5 0.75 0.24296875 0.03984375 0.10078125
3 0.5140625 0.17890625 0.10859375 0.35703125
5 0.5609375 0.24296875 0.03984375 0.0984375
5 0.51484375 0.03046875 0.03359375 0.06015625
5 0.59921875 0.13125 0.0390625 0.08125
5 0.74765625 0.125 0.03671875 0.08203125
3 0.80703125 0.2296875 0.0921875 0.425
5 0.8015625 0.0578125 0.03515625 0.08046875
3 0.3390625 0.15546875 0.09765625 0.30703125