3 0.484375 0.61171875 0.1875 0.725
3 0.21328125 0.4171875 0.10703125 0.284375
3 0.71484375 0.51171875 0.11484375 0.43046875
3 0.7921875 0.44453125 0.0796875 0.26640625
3 0.8546875 0.4171875 0.05078125 0.18125
5 0.01953125 0.284375 0.0390625 0.10625
5 0.2375 0.30859375 0.03515625 0.06796875
5 0.48203125 0.3140625 0.0765625 0.1296875
5 0.728125 0.340625 0.034375 0.0703125
5 0.7109375 0.33046875 0.03359375 0.06875
5 0.79296875 0.33359375 0.02421875 0.046875
5 0.85546875 0.340625 0.01640625 0.02890625