3 0.2889335757290498 0.5598264944184288 0.4531687908637895 0.8483177994190993
3 0.10931683837209276 0.43602092907416656 0.21863367674418552 0.4998331418516669
3 0.5996207518549266 0.5492505976043631 0.2544962492248075 0.5680009449948201
3 0.7398638224898473 0.47573170678615356 0.16331483497600666 0.336309989246633
3 0.8252599043835351 0.44371326530599015 0.1011176187523077 0.21657537799792798
5 0.15409151295680998 0.24519256782546153 0.06175712523071266 0.0885573858558109
5 0.35835870836101813 0.2543727069910413 0.14240395280546378 0.2044777923897861
5 0.6651012592561821 0.3296615355698698 0.06029475478036197 0.09004711124870504
5 0.6495461104282014 0.3171444189444813 0.058531995681063265 0.08684933664159918
5 0.7716621398855656 0.3441713376795657 0.04120479333702498 0.05955909057054054
5 0.8455607148394231 0.3578656565384845 0.02427810919158375 0.038518844499482084