3 0.04528461674972286 0.46852066008674775 0.09056923349944572 0.5098336798265045
3 0.5144342234772964 0.5318918337486143 0.21943893121078056 0.6318273982096718
3 0.7111275532115158 0.44926339914174784 0.13753238741233034 0.39783432757475107
3 0.7817695226744175 0.39105157850682704 0.0846705983942421 0.25284320018457007
3 0.8322899568198586 0.3675849976928734 0.06590200956072394 0.17850453423772628
5 0.040540152685492103 0.2658264566629751 0.05953329117755655 0.10340440468807692
5 0.27384400601697967 0.2796632094407523 0.03974242288667416 0.0616779796419344
5 0.5383175161960125 0.2806099360003677 0.06814682757475107 0.11640505243632351
5 0.785052813851974 0.2912518376061256 0.027903756939830337 0.04691457279438911
5 0.7382779434016233 0.2926932240956053 0.03495479333702498 0.05981509099298643
5 0.8400209161037274 0.29550973859357477 0.017327202344038284 0.02756379549649317