3 0.04257536589795502 0.48083307912218753 0.08515073179591004 0.505416158244375
3 0.5193543426439546 0.5792621934823269 0.2046970783603804 0.6211151998475002
3 0.7143020925733675 0.5094802896063548 0.12734781015629046 0.3914991286090973
3 0.7831122767318822 0.45632022843593817 0.07844133134415224 0.24836607123840276
3 0.8335595977644523 0.4363720575581257 0.061755089307246894 0.17620013050895836
5 0.03775281605324679 0.2785984318957292 0.05738683674699835 0.10120013050895835
5 0.2714984844973331 0.308290504368403 0.03783319994353027 0.060175087005972294
5 0.5370856871422864 0.328553678664688 0.06592737884037306 0.11388196846486114
5 0.7850303634788807 0.3562293094579868 0.0275481473268119 0.04433188145888893
5 0.7382008661097166 0.35435703172257005 0.03305469468185844 0.05850348423243057
5 0.8400895898013573 0.3645516089448965 0.017172089448421347 0.026926175911805572