3 0.34586069245775497 0.5787908080442252 0.42897332593768445 0.834341921387634
3 0.13103924590846677 0.442751668682363 0.24832843882955785 0.49175333736472593
3 0.6569346017135821 0.5863151434197688 0.23822924173211552 0.5603578866963623
3 0.7905258625133553 0.5207094194382225 0.15370044119181064 0.3313420013526354
3 0.8731374658714 0.4935571207829037 0.09492066351699649 0.21351815467854496
5 0.17915181977759864 0.2551067653564535 0.05925100362819706 0.08659202800763595
5 0.3852753342055689 0.2762476107176795 0.1366170901960187 0.19994655068427195
5 0.7009127470895932 0.36972762742676846 0.05774306733052796 0.08813634667409058
5 0.6840427056197809 0.3562554734245412 0.05607143992586607 0.08499316534054513
5 0.8094072933687289 0.39051338944140407 0.0395188569862416 0.05824885200509069
5 0.8850074940943682 0.40857359345158545 0.023184528855940557 0.03775453866963616