3 0.46923602868630454 0.6267757294795218 0.2506449400955022 0.7409218313536661
3 0.19428813630551836 0.43812344028743927 0.13196928493120835 0.29260870031656905
3 0.6973560834029607 0.5215810787798766 0.15272327295030869 0.43993834138279586
3 0.7740574818590146 0.45264687384445396 0.10318952050323808 0.27304034639736086
3 0.8360862559056319 0.4231699740027386 0.06737601687504124 0.1861481001582846
5 0.011150776408869823 0.3106108910662268 0.022301552817739646 0.10872178213245362
5 0.21685759546867828 0.32929400956691146 0.04151786660488854 0.07144910266556703
5 0.4616343821291672 0.32937789225336106 0.08745041469812272 0.13522209765100213
5 0.7080455906593548 0.34984247109974465 0.0400099303072194 0.07296613855894432
5 0.69040422287334 0.3399446338735838 0.03995536660488845 0.07140363855894431
5 0.7724627547245054 0.3415502494712746 0.02825397477225664 0.04921038981258556
5 0.8356348773198438 0.34651654578949315 0.018224210344286007 0.03018760517284953