3 0.5285276459854961 0.5950396152541262 0.3205782129823881 0.7537351575265466
3 0.22601045988201623 0.4506646549946579 0.15913967535011292 0.3019494243167696
3 0.736513466292157 0.4570956380347989 0.1940327138109577 0.448244070958725
3 0.8000986232404171 0.37740564883457206 0.12843333085063086 0.2790377139724833
3 0.8570185572769823 0.339422009997165 0.0836601782455972 0.188556557711881
5 0.026566923902370844 0.35198908593484945 0.02547949710451588 0.11164682813030113
5 0.22943721277750034 0.3394270546318382 0.04709763192686944 0.07340278366526398
5 0.47109601984959487 0.3028173989193901 0.1002269400324213 0.1423363221398514
5 0.7183520095105127 0.28557530209994947 0.04724318114108108 0.07652778366526398
5 0.6992745237785364 0.2791988165279197 0.045607906533975395 0.07491071996293304
5 0.7809055134394541 0.2677404721555498 0.033578787427387444 0.05109127404661713
5 0.8433327388323484 0.2639954240623156 0.021767992142117266 0.03195932813030113