3 0.08267120292730204 0.7758160054102763 0.16534240585460408 0.30697272868809905
3 0.27559809541596497 0.7232917136444043 0.3107063417263215 0.4068028956185735
3 0.5805200848220341 0.6609498041692703 0.38867869425833546 0.5135817445232167
5 0.05525477431280784 0.6636653463973609 0.039395699943530274 0.0604206744523216
5 0.2546015979056266 0.5732091456185733 0.04931673151356133 0.07006845909205772
5 0.5516879714843279 0.4707279694503921 0.07228379465362345 0.0894549565847754
5 0.826285424058694 0.41845974194942726 0.07255681043863911 0.09414245658477535
6 0.7773628056710774 0.4522520687507468 0.05803928413027979 0.0859207796251713
5 0.9551160793486009 0.45038099485242106 0.04361276308359265 0.07926160266556703
6 0.3733824190087837 0.6298803459351424 0.029110647326811723 0.044522889812585474
6 0.40762091111627596 0.6332243062808415 0.03526964206513985 0.043142246239076344