3 0.45133193165798174 0.6521704037790628 0.4257292417321155 0.5672680737069447
3 0.23995792203933491 0.6347607789696876 0.3354464929132419 0.48554398860083375
6 0.2640997717691824 0.5213528956109377 0.04297123920022683 0.06813305737069442
5 0.15520343220613592 0.4430986494106598 0.05925100362819711 0.08724673328250003
5 0.24763646886662477 0.4522755872903127 0.05774306733052796 0.08877286569131951
5 0.4202282314804965 0.4320936399113545 0.05634425843752058 0.09342399810013897
5 0.4725471888295578 0.49966365282913233 0.052837312521204535 0.08241376291777787
3 0.9118490024894796 0.8262164607685077 0.17630199502104063 0.30265614057694457
5 0.9555581293883962 0.7177688343436118 0.036339293283910834 0.05705008700597212
6 0.9814757886442234 0.722275149598091 0.03439484736759475 0.04607621941479181
6 0.18816226514576045 0.47040668502986127 0.04324405771188107 0.07594555737069442