3 0.16232751731219502 0.6706177052627429 0.32465503462439005 0.4872155913743752
5 0.10479058468085975 0.4914218209540624 0.0569318104386391 0.09338763050895835
5 0.028392497580925585 0.48858906810427083 0.05678499516185117 0.08728310087368066
6 0.06044905047999275 0.502596363507118 0.03149219468185842 0.05846711664125
3 0.6039884059251912 0.6810921186380203 0.24006064178279124 0.3441903303564585
5 0.6402884689240791 0.5132863695879508 0.0394867052052021 0.06177395459715278
5 0.5912748452747907 0.5510961473233675 0.03985072625188959 0.06802395459715278
3 0.4694846033084728 0.6998265476839579 0.15084695236260467 0.28594011284152787
5 0.5121109900413536 0.5841463430868051 0.02965667889684287 0.05374324905006951
3 0.35436783752345724 0.7071870656357289 0.1987384207925736 0.2776925081681251
6 0.3732382058404866 0.5975211249062844 0.026167657850155557 0.04742051386770836