3 0.155516125715427 0.6340139369297224 0.26407353640817993 0.46177787385944474
3 0.35893652830391065 0.6839996723964239 0.27985118387616603 0.3575995201359724
3 0.5841941335373477 0.7204502379352435 0.2821571365211195 0.3436097553183334
3 0.7102329887707846 0.7545914614340978 0.2508161312594474 0.34131990349472224
3 0.8868638997105925 0.8075567265360771 0.22627220057881486 0.3635585794065278
6 0.059666757468984755 0.44843815321038194 0.062362763083592454 0.07947060087368066
5 0.7616828257295445 0.6332989961033686 0.04399219468185844 0.058758057370694415
5 0.9633587177946843 0.6801233639788897 0.04904371572854558 0.06511716014423605
5 0.6485989968044668 0.6072612133339588 0.0410492052052021 0.06181032218833345
5 0.3976133494776549 0.5577287663362502 0.046009720990217676 0.06660692496187508
5 0.2637010810618035 0.5491505872903126 0.03912268415851479 0.05552395459715278
5 0.33877667577189674 0.5789848640757989 0.03728716837349921 0.05080008700597212
5 0.36841867314106086 0.5788945983082294 0.03398015785015547 0.047602351823611146
5 0.537145557313693 0.6226114967689588 0.03416216837349921 0.05072735182361114
5 0.5998352731128259 0.6139281342117713 0.04408319994353036 0.060320557370694416
5 0.9933830628577134 0.6881547227363549 0.013233874284573233 0.06958645459715278