3 0.046875 0.71171875 0.09296875 0.29453125
3 0.1140625 0.71015625 0.1734375 0.26953125
3 0.31875 0.703125 0.19921875 0.3109375
3 0.4640625 0.71328125 0.12421875 0.271875
3 0.54140625 0.709375 0.184375 0.2875
5 0.35078125 0.57421875 0.03125 0.05390625
5 0.096875 0.6015625 0.028125 0.05390625
5 0.14296875 0.61171875 0.0234375 0.046875
6 0.27265625 0.61640625 0.01953125 0.0359375
5 0.5625 0.5890625 0.0265625 0.04609375
5 0.51015625 0.59765625 0.02421875 0.04140625
6 0.6375 0.49921875 0.03203125 0.065625
6 0.121875 0.63828125 0.01875 0.0359375
5 0.00859375 0.58359375 0.0171875 0.0390625