3 0.16637074155371578 0.7011258939692206 0.3070997269722394 0.5210017879384413
3 0.7356315554229116 0.6279220069931221 0.2809296835570148 0.5873709340192331
5 0.7320960638026888 0.39910668520636733 0.06889841567683312 0.1144094924781526
6 0.44446803167023513 0.35951402164110535 0.07671091567683312 0.11463681301126609
6 0.3266834866056579 0.28193092775102696 0.06609166442319178 0.12525606426490726
5 0.06142351411925796 0.5013639231986804 0.06977895407749282 0.09101745658477522
3 0.5025582941401405 0.7194944268930972 0.24442256756361255 0.3521321159934022
5 0.5197193989172787 0.5849519423325032 0.03940949247815269 0.0667161385589445
6 0.272222273290458 0.5832146314328084 0.03440374373179385 0.05564224623907634
5 0.3206657849689405 0.6384848046314888 0.02792642319868044 0.04764788981258548
5 0.975927317167901 0.46260821021268494 0.048145365664197824 0.09860263605166182