3 0.12657555720527827 0.6243305353915359 0.25315111441055654 0.526338929216928
3 0.6773625380714554 0.6072692723896955 0.2809296835570148 0.5935264292169281
5 0.7269008514784329 0.37923612562362735 0.06889841567683312 0.11593926051544959
6 0.4518985029695008 0.31330234565915827 0.07671091567683312 0.11634869629109837
6 0.35382236731355043 0.22561531716502733 0.06609166442319178 0.12671298620519006
5 0.04165367326518744 0.4182686431480236 0.06977895407749282 0.09258364767057933
3 0.42652981228635023 0.675799023632891 0.24442256756361241 0.35759557326946273
5 0.4740533331360327 0.543818683289258 0.03940949247815269 0.06759029172311415
6 0.23061322169497708 0.519134023067064 0.03440374373179385 0.0564071302577247
5 0.2663401215366925 0.57810623134395 0.02792642319868044 0.04826708163720568
5 0.9568263807078925 0.4662536895092943 0.05906877461060631 0.09982293758467105