3 0.1257094274816305 0.7597482646801358 0.1869296034428626 0.29892949069063535
3 0.3340923571558777 0.711412404041998 0.29020342558271395 0.3938430960375438
3 0.6350893727649743 0.6540020827498143 0.3626091936388812 0.49933057471354336
5 0.11087062276497432 0.6479022453453176 0.03639385698624168 0.05821248933799979
5 0.3046082098809501 0.5603493433720437 0.04609623920022674 0.0676965773392725
5 0.5956201010806099 0.46299527474536006 0.0670635036281972 0.0866829346753633
5 0.8673115626060225 0.4161770081158128 0.0672271947351895 0.09137043467536325
6 0.8200471822061359 0.449207136775904 0.05445437622353531 0.08341248400699967
5 0.989001762972767 0.44970821813331197 0.02199647405446612 0.07854317067154533
6 0.42691228501602635 0.6187805560550429 0.026527783665263982 0.04404090133672707
6 0.4606424442718534 0.62307770472627 0.03272321996293322 0.04255112667090906