3 0.0730076433445603 0.6775770363939302 0.10284906326932317 0.3042209272121397
3 0.1278224773369491 0.6781549251452251 0.20364755931499046 0.2902012766740206
3 0.3327964788198238 0.6756527016143579 0.23349156821223901 0.333698719601926
3 0.478155399770351 0.689233550457066 0.153583892318796 0.28630998924663303
3 0.5555628167665454 0.687193707405326 0.2169115632693231 0.3095334735308672
5 0.3690457021280781 0.5471616745260526 0.036667011862998145 0.05785104135632899
5 0.11399078760334166 0.5692165727878603 0.0335420118629981 0.057705492142117266
5 0.15984445707099398 0.5803873591817904 0.028536176882026164 0.049674668320799496
6 0.28929187653864635 0.5876647040955572 0.02340300790866543 0.038518844499482084
5 0.5804116250557716 0.5670609898703148 0.03166117688202626 0.04982021753501122
5 0.527509459542452 0.575004076511914 0.02834517589344294 0.0449871683207995
6 0.6582236072612744 0.4789017103008102 0.03867518083635879 0.06886131596343467
6 0.13820687901010426 0.6064425909848253 0.023403007908665386 0.038518844499482084
5 0.029378365664231416 0.5481100142680237 0.015717841901054175 0.04127997146395259