3 0.10718623457917989 0.7043501823698805 0.21437246915835978 0.44307536473976084
3 0.3079165083333315 0.7157436380967259 0.24789009407530535 0.3394047954602888
3 0.5341984060815781 0.7145007015037035 0.2515762985788122 0.32391618778015674
3 0.6602101935585069 0.7267770441401404 0.22042642812846153 0.32456940564770315
3 0.853059027611663 0.7464770933613529 0.22339074182355184 0.34648986975432583
6 0.012720188542819592 0.530619514185765 0.025440377085639183 0.07489235141192588
5 0.7061210757290498 0.5966181826990848 0.03944203423772628 0.055733174452321774
5 0.9087954927556279 0.6095597665600334 0.042967552436323685 0.06207410266556703
5 0.5914775848283484 0.5901515708623177 0.036517293337024984 0.058767246239076344
5 0.33913383482834847 0.5828091176427549 0.03994268198597286 0.06354567445232177
5 0.2059510950073813 0.5969361506331382 0.03465440468807692 0.05403428213245363
5 0.2823436142857127 0.614030373910961 0.03279151603912896 0.04930131802583091
5 0.31165038248431004 0.6086214598834806 0.029366127390180984 0.044522889812585655
5 0.48209329041158944 0.6237560295586642 0.03112888648947969 0.04769335391920819
5 0.5436012893318554 0.6044126476636373 0.03797966378737563 0.05725021034569906
5 0.9502017427556279 0.6107645653855345 0.02930557063492074 0.06791492570596294