3 0.4634575899109132 0.6480270280064725 0.43003732407699646 0.574578629055542
3 0.25667124057132257 0.6977208851479173 0.3384487133990879 0.4901842637964224
6 0.25335643125400364 0.5798339557647684 0.04298747867599957 0.06948638555165924
5 0.13120016792650338 0.5390061785723701 0.06039315467854491 0.08853639448011279
5 0.2212620939290487 0.5186879500827255 0.057268154678544916 0.08848184740221221
5 0.38224559460536645 0.4447986623403157 0.057340880012726636 0.09473184740221222
5 0.4488512919319122 0.4936259001654511 0.05408861067790856 0.08373980032431164
3 0.9240496445735497 0.6696688340161222 0.13946467870781626 0.30549779788867965
5 0.9613416539226854 0.5526352926202645 0.036592028007635946 0.05687729139585791
6 0.9816996072565491 0.54837448661391 0.023982940006363408 0.047284103084255055
6 0.1685092639242762 0.554757863637562 0.04464088534372679 0.07732615909060954