3 0.20057688642447807 0.6407911471901095 0.35098676882026136 0.4959425048941414
5 0.15481476437163708 0.45853420789721555 0.05538251977166349 0.09555060217691817
5 0.07539917840208195 0.44878967486492377 0.06294035178688592 0.08957342068857255
6 0.10975693235641464 0.4663665552648103 0.03204317885919248 0.05884921034428636
3 0.6554036492760593 0.6859324553653268 0.23894307216657182 0.35004467313564336
5 0.6901248646756482 0.5204240172535591 0.039983012851581276 0.06224702885594056
5 0.6414300380976332 0.5542013057281465 0.04023768083635879 0.06849702885594056
3 0.5219690667665453 0.6945039019146151 0.1506498933073793 0.28923116950744615
5 0.5627612100367435 0.5819840545470202 0.030289677870609388 0.054107146641955414
3 0.40612123227986496 0.6930728658870983 0.19876905832640723 0.28311014427970277
6 0.42360320954245195 0.5844964740544663 0.0269100098858317 0.0477480192372937