3 0.115625 0.6875 0.23125 0.428125
3 0.34609375 0.7 0.215625 0.325
3 0.571875 0.7 0.22109375 0.309375
3 0.6984375 0.71328125 0.18984375 0.3125
3 0.8984375 0.734375 0.20234375 0.33359375
6 0.03125 0.51328125 0.04765625 0.071875
5 0.73984375 0.58359375 0.03359375 0.053125
5 0.94296875 0.59765625 0.0375 0.059375
5 0.62578125 0.5765625 0.03046875 0.05703125
5 0.3734375 0.5671875 0.03359375 0.0609375
5 0.240625 0.58046875 0.0296875 0.0515625
5 0.3171875 0.5984375 0.02734375 0.046875
5 0.346875 0.59296875 0.02578125 0.04296875
5 0.5171875 0.609375 0.02578125 0.04609375
5 0.578125 0.590625 0.0328125 0.05546875
5 0.98671875 0.59921875 0.0265625 0.06640625