3 0.08892927615412742 0.647621533665264 0.10880582551403832 0.307743067330528
3 0.14187395969426697 0.6580431676933476 0.2125099797210827 0.29733633538669524
3 0.3394427283837004 0.6859846623358701 0.26411603838727304 0.3443403101589517
3 0.48376081093510426 0.7214187092479779 0.1809321977900975 0.2915575613400783
3 0.5615962338315821 0.7311508625133554 0.24361786808868527 0.31868554573098146
5 0.3808111375344233 0.5642932008104575 0.04310514381548423 0.059176592558271325
5 0.12479608431611466 0.5475595354793625 0.039980143815484225 0.05906746515360961
5 0.17047457107456288 0.565520850995792 0.03318384059717552 0.05103671034428636
6 0.29940260040765804 0.5926240427357566 0.02773151609154336 0.0399355192372937
5 0.5909563158787827 0.6160541413692957 0.03630884059717552 0.051145837748947896
5 0.5379405765224445 0.6157614754900468 0.032746798022528625 0.044786710344286364
6 0.672212033695696 0.5409574268486583 0.04543246832111638 0.07016865626060227
6 0.14711348072948888 0.5880853317584982 0.02605975544788164 0.038318455534962936
5 0.04219675176471082 0.5142807548093234 0.015340776735205109 0.04106150961864685