3 0.048017139958638266 0.7652061194910417 0.09603427991727653 0.3164627610179167
3 0.460949113224096 0.7937408550546523 0.13519534937936153 0.3421173776591669
3 0.2270382845719589 0.6921829275273261 0.1393192280394527 0.29378898043270835
3 0.37914622457832226 0.6417802711828122 0.12362150270527099 0.28717530452090295
3 0.32167226861872944 0.3455423572388539 0.10408970536281678 0.2195513934267362
3 0.4474273413033195 0.2106198837399996 0.08030676002545327 0.18931837955902786
3 0.8927916485916854 0.5314142012755895 0.1231851507001803 0.24967530452090295
3 0.7675825632559127 0.552292358570034 0.10919537603436211 0.255597996200278
3 0.6681899959023226 0.7037840830188189 0.11437377204008907 0.2978945989738195
3 0.5938541619191855 0.5813291611910759 0.11413741470399827 0.27758209897381947
3 0.5727978692711847 0.44435649126319393 0.09644083736472595 0.23343205547083343
3 0.4612791139401846 0.42976927403260373 0.10118288136536221 0.23822865824437506
3 0.5732000479790009 0.14130422644555507 0.06589881468808993 0.15930357123840286
3 0.6152870033020469 0.21608536768808975 0.07551017202418073 0.1798342767854862
3 0.8956744846435466 0.14941931886677007 0.07071358402290784 0.1703501740119445
3 0.6725984219446388 0.3920471492232286 0.08543061203054414 0.22692748233256949
3 0.6794869579885459 0.0685369140408675 0.053017006683635515 0.12620013050895837
3 0.7171853106301835 0.2519845404657633 0.07565562269254436 0.19233427678548615
3 0.7516699459739102 0.17464013725538133 0.07076812802354446 0.1750376740119445
3 0.8076301393220915 0.06399227156406181 0.04002611067790838 0.08372168977951393
5 0.006592708625092822 0.6419511106573264 0.013185417250185644 0.05984777868534721
5 0.21054167524668582 0.6332079710303123 0.03819089067472685 0.060247822188333446
5 0.24008427192077636 0.577847670593472 0.03344884667409058 0.05545121941479181
5 0.3266057639640471 0.2571701882609025 0.023892033338636053 0.03960801386770836
5 0.471860435908686 0.6614913995075691 0.038336341343090476 0.07274782218833345
5 0.3851609619271398 0.5276086684092706 0.03181362133990877 0.04916485182361115
5 0.4709910159532294 0.3334755022811107 0.023910214672181594 0.041170513867708355
5 0.4530057266470463 0.13394828096645797 0.020694308004454244 0.03328527868534721
5 0.5824734086171386 0.3511877195117009 0.025490896005727137 0.042769381458888936
5 0.614649014600594 0.4722808163013189 0.03025112133990877 0.04912848423243066
5 0.6898751865850038 0.5853425543334716 0.030287484006999675 0.05225348423243066
5 0.7851615092695938 0.4511292488626383 0.030214758672817865 0.04600348423243048
5 0.9173382099379573 0.43555618740788116 0.027071577339272325 0.04436824905006951
5 0.6884966892902747 0.30107665710701326 0.025454533338636055 0.03964438145888884
5 0.619193800644501 0.14882513250572865 0.020694308004454244 0.03328527868534721
5 0.5786057106540461 0.0794763736720134 0.017514764003817972 0.028525043502986125
5 0.6286051633115919 0.1454819269586453 0.015970445337363515 0.03005117591180557
5 0.7313574459739103 0.17511291594072856 0.019095445337363515 0.030123911094166678
5 0.7641977653166826 0.10483613032152714 0.019077264003817974 0.028561411094166676
5 0.9120176473185915 0.08733689295496452 0.019113626670908702 0.03168641109416668
6 0.9110818559834553 0.10063632675055478 0.01751476400381833 0.028525043502986135
6 0.7663778833147736 0.1188440789347563 0.015915901336727246 0.02536367591180557