3 0.4671875 0.859375 0.09921875 0.28046875
3 0.37578125 0.490625 0.08203125 0.23828125
3 0.9625 0.22890625 0.06484375 0.190625
3 0.859375 0.7390625 0.08515625 0.30390625
3 0.73984375 0.7609375 0.09765625 0.30546875
5 0.45078125 0.78515625 0.0265625 0.059375
5 0.46796875 0.746875 0.02890625 0.05390625
5 0.3703125 0.39140625 0.02265625 0.03984375
6 0.7625 0.6765625 0.02578125 0.04375
5 0.75390625 0.63125 0.02578125 0.0453125
5 0.865625 0.615625 0.03125 0.05546875
5 0.975 0.15078125 0.01640625 0.03359375