3 0.2984375 0.825 0.1015625 0.29140625
3 0.09453125 0.89765625 0.1359375 0.2046875
3 0.4984375 0.69765625 0.08046875 0.27421875
3 0.43828125 0.3828125 0.0671875 0.215625
3 0.96875 0.6515625 0.06171875 0.2859375
3 0.96875 0.24375 0.0625 0.19375
3 0.82734375 0.521875 0.07109375 0.25625
3 0.728125 0.60078125 0.084375 0.27109375
3 0.77421875 0.875 0.0859375 0.25
5 0.065625 0.8296875 0.03984375 0.0640625
5 0.27265625 0.7046875 0.02890625 0.05078125
5 0.29921875 0.70703125 0.02890625 0.05
5 0.43515625 0.29453125 0.02109375 0.03984375
5 0.48203125 0.60859375 0.02421875 0.0484375
5 0.49609375 0.584375 0.02421875 0.0484375
5 0.98828125 0.1640625 0.02109375 0.03203125
5 0.9875 0.53203125 0.025 0.0484375
5 0.8296875 0.415625 0.025 0.04453125
5 0.7875 0.78046875 0.0296875 0.059375
5 0.7390625 0.48515625 0.02265625 0.04140625
6 0.74140625 0.52578125 0.02265625 0.03828125
6 0.99375 0.58359375 0.0125 0.0421875