3 0.30895292700697713 0.41832294117930113 0.10545159654926026 0.23800401878308025
3 0.42355065856964524 0.4661463344494994 0.1051238146182751 0.2333165187830804
3 0.5064238706865754 0.27316831418354426 0.07818997402109958 0.18236151384016444
3 0.2222081357697125 0.034588564220725294 0.081916271539425 0.06917712844145059
3 0.589591285789383 0.3308906308757275 0.07815712303236388 0.20417284684397002
3 0.5963279688253195 0.19194087741568638 0.06194226114786474 0.15053851087441492
5 0.305522288387273 0.32444560718691234 0.02805929802252862 0.04476867193911023
5 0.413924650271772 0.3733049184418881 0.026278276735204997 0.041580004942915846
5 0.5930665750098353 0.13409654391758918 0.01926345222957302 0.030387836958138337
5 0.5052495007563047 0.20035289669305825 0.022606973516896466 0.03364017095052709
5 0.583800471675311 0.24807813087572747 0.02104447351689629 0.03357650395433272