3 0.94140625 0.69609375 0.0984375 0.28359375
3 0.70546875 0.85859375 0.07734375 0.28203125
3 0.484375 0.91640625 0.0921875 0.16640625
3 0.3609375 0.8546875 0.09453125 0.290625
3 0.2421875 0.4828125 0.0828125 0.2359375
3 0.86015625 0.18671875 0.04765625 0.1796875
3 0.753125 0.07734375 0.040625 0.1546875
3 0.36171875 0.33125 0.0640625 0.20859375
3 0.42578125 0.5734375 0.0703125 0.259375
3 0.60078125 0.7390625 0.08046875 0.2984375
3 0.79296875 0.6859375 0.07734375 0.2796875
3 0.58828125 0.10703125 0.0375 0.15703125
3 0.49140625 0.2359375 0.04609375 0.171875
3 0.56328125 0.28515625 0.05234375 0.18984375
3 0.54921875 0.56953125 0.065625 0.2546875
3 0.66015625 0.48828125 0.05703125 0.24375
3 0.68671875 0.3234375 0.04921875 0.20546875
3 0.7078125 0.21171875 0.0484375 0.16328125
3 0.1828125 0.9234375 0.12265625 0.153125
5 0.41640625 0.46484375 0.0203125 0.04453125
5 0.17265625 0.8875 0.03359375 0.06640625
5 0.4703125 0.875 0.03125 0.08125
5 0.3453125 0.7359375 0.028125 0.053125
5 0.23046875 0.38828125 0.02421875 0.04609375
5 0.35625 0.24609375 0.01953125 0.0359375
5 0.54140625 0.46484375 0.02265625 0.0453125
5 0.7921875 0.56953125 0.02578125 0.0453125
5 0.95078125 0.57890625 0.02734375 0.0484375
5 0.70703125 0.74375 0.028125 0.053125
5 0.60234375 0.615625 0.02578125 0.0515625
5 0.65859375 0.38828125 0.02109375 0.04140625
5 0.690625 0.23828125 0.01796875 0.03203125
5 0.55546875 0.21328125 0.01640625 0.03359375
5 0.5640625 0.20625 0.01328125 0.03203125
5 0.5875 0.04140625 0.01328125 0.0234375
5 0.484375 0.16640625 0.0140625 0.03046875
5 0.49609375 0.17421875 0.009375 0.0234375
5 0.7546875 0.0140625 0.01328125 0.028125
5 0.70859375 0.1453125 0.0171875 0.0296875
6 0.8703125 0.13046875 0.0171875 0.03125
5 0.8671875 0.11484375 0.01640625 0.034375
6 0.7125 0.1625 0.01328125 0.02421875