3 0.22241804847175234 0.7738230220561085 0.155897858252186 0.31243704811738693
3 0.047633880315068586 0.8250512623385011 0.09526776063013717 0.23114747532299768
3 0.4429066524627691 0.665373764654853 0.13175103012188494 0.290622604872647
3 0.44396324329176 0.34493085672757356 0.1078026094333124 0.22984579117755652
3 0.9138267876719791 0.6624783906607579 0.1164534123358699 0.29899630937615385
3 0.9669667228733401 0.256850151919525 0.0507887176006804 0.20436612739018098
3 0.7995336530957413 0.5201383012089311 0.12015876569391466 0.2711716980251017
3 0.6871948550025071 0.5896974344592082 0.13482146641955417 0.2892603639719457
3 0.6805901578202468 0.8457972401347342 0.13102185462398896 0.22509773442229636
5 0.009243502910406876 0.7564106863049095 0.01848700582081375 0.07155362739018098
5 0.22047858095589 0.6507860402547059 0.03784722958157989 0.0569904796419344
5 0.24601429429540111 0.6561651526854921 0.03784722958157989 0.0569904796419344
5 0.457956310622288 0.2567299498800283 0.028035719962933213 0.04388970234403846
5 0.4445088471979588 0.5748488942045024 0.03305060217691817 0.05356509099298634
5 0.4624602390305908 0.5518724691583599 0.03305060217691817 0.05356509099298634
5 0.9553372197932971 0.5452315314691744 0.034613102176918174 0.05366522054263569
5 0.8227206711519088 0.4141991818383145 0.03294147477225664 0.05044009099298639
5 0.7111432425739699 0.7744636582410465 0.04129961179556503 0.0665657387412331
5 0.7200296915703287 0.4753450377906958 0.02965278366526398 0.04555233189368764
6 0.7147047853097265 0.516220361664819 0.02954365626060227 0.042427331893687636
6 0.9511655857652134 0.5977254757936483 0.020277783665263983 0.04495155459579188