3 0.2110482061291794 0.31226014724608436 0.08606140999505121 0.1816954275949013
3 0.39184450474969834 0.3070600837197802 0.080548394391219 0.19572156615858277
3 0.4243338574178033 0.1493884842855143 0.07085248982323473 0.1597386143631847
3 0.6037281083223144 0.1262060352205907 0.07290631275401331 0.16912270472226432
3 0.6690222376755282 0.11798953512239485 0.06789126413349429 0.1628454336450255
3 0.5649278799190405 0.19553275214129934 0.07709584577069997 0.18945338544042353
3 0.507681945952414 0.15456231849627383 0.0745506999091429 0.17069429508134393
3 0.452026167458283 0.05342654449216875 0.04586577792830404 0.10023634933607006
3 0.6966426266396801 0.06813498086766875 0.06296474672063965 0.12845225292686624
3 0.5703700537089016 0.07677820696175952 0.060822392582196724 0.147184072208707
3 0.6199949174582831 0.05440375809322766 0.053760165083433974 0.10184430113146817
3 0.49799708672558846 0.056038460085017484 0.055404552238563554 0.10341589149054775
5 0.18961029737732357 0.2441459515008105 0.022195904567984304 0.03605567466803503
5 0.3859463868164455 0.22575099638576274 0.02203213025772479 0.03293067466803503
5 0.41046610922682564 0.10085553551517831 0.0169351944820761 0.025090903590796153
5 0.41589059362299335 0.08682030659241716 0.01874335594746519 0.029787493949875787
5 0.6655121353461075 0.05076112850653658 0.01857958163720568 0.026662493949875788
5 0.6002998931480235 0.057415128604732434 0.01866146879233561 0.028224993949875803
5 0.5563584633652686 0.1204600292686624 0.020469630257724702 0.03292158430895542
5 0.5640658220262674 0.018129914807281808 0.017017081637205677 0.026653403590796182
5 0.49293112844870246 0.0184975534691592 0.015208920171816586 0.021956813231716565
5 0.49964811793325287 0.08418164080317672 0.0169351944820761 0.025090903590796177