3 0.4612256123494859 0.8356224644358194 0.1592054839326357 0.29715279691210805
3 0.4063443363940625 0.45786205218476744 0.13321983660582398 0.2525843413771451
3 0.981742094639506 0.2698312178943805 0.03651581072098793 0.20012897477225647
3 0.8633271676676275 0.7636506836809623 0.14954205759604164 0.31864585099579196
3 0.7424154281909712 0.7710043706116038 0.16222406811938547 0.3222073606144388
5 0.4521243571584012 0.7600049055428121 0.039577710466874014 0.06375496515360979
5 0.4727329887707846 0.7240574818590146 0.04086719468185844 0.059122028855940555
5 0.41076725490873595 0.35906988811961693 0.03058214206513985 0.04316964664195542
6 0.7737116598457069 0.6900619054579941 0.03554265785015538 0.0480208377489479
5 0.7694645046263873 0.6440227191603249 0.03563366311182729 0.049583337748947895
5 0.8820555098880591 0.6416566325925033 0.04252069994353036 0.060739092558271326