3 0.6001823850711798 0.894824082265852 0.10941528685347243 0.2037340540583344
3 0.13906631316718687 0.7373722140920382 0.14175762100965303 0.3179692708808471
3 0.3401768311189578 0.6213739884889268 0.11235975531833357 0.2631181444174139
3 0.4975542264455551 0.572027452580965 0.09648018218006964 0.2520897408266178
3 0.49052820212861087 0.30335472063314173 0.07660278685347244 0.20354315651766247
3 0.932511107904444 0.5445003327568314 0.1091983877271531 0.26153746369925485
3 0.8045887424974649 0.4022951729195192 0.08499716831236129 0.22858860831306055
3 0.7084748490707288 0.5044030944642962 0.10269381458888915 0.2505636022629362
3 0.7052725414156938 0.7426707089256769 0.10229507750666685 0.30055451190385674
3 0.9733225183330205 0.30132704967753987 0.04389938962701408 0.20803975897699037
5 0.37280096105923527 0.9648876391528567 0.038736498100139016 0.05334316861791066
5 0.13343652184840227 0.610078461066976 0.04051720364722229 0.06272725897699054
5 0.3301316435236454 0.5159779613615637 0.029325130508958352 0.05172612646343318
5 0.35100718797656205 0.5252302415139889 0.0292523953265972 0.048601126463433175
5 0.6072694928787146 0.8252610160090732 0.03731946846486114 0.05958407825883114
5 0.49710681686999986 0.2220774495559029 0.02114895459715278 0.03605567466803503
5 0.4917237601648955 0.4869166543763631 0.025945557370694417 0.040770445745273776
5 0.5062044874634719 0.46886609114464656 0.02598192496187508 0.04233294574527378
5 0.7252421621410065 0.623039464975801 0.030996733282499987 0.056422716822512695
5 0.7280807938842357 0.4003968505144204 0.025945557370694417 0.040770445745273956
5 0.7280619568782635 0.43476730533488067 0.024310322188333445 0.037636355386194253
5 0.819234430377118 0.31003495004688225 0.02590918977951375 0.039207945745273955
5 0.9482289865135414 0.4397355647046545 0.030778527735416717 0.0470477168225127
6 0.9551868481207982 0.4764088629092564 0.024346689779513753 0.039198855386194255