3 0.60703125 0.8610996699612388 0.1109375 0.20710919802510191
3 0.14765625 0.7163190075581392 0.1453125 0.32962454811738695
3 0.35078125 0.5962709161037274 0.115625 0.2714720866740496
3 0.5078125 0.5424578963639706 0.0984375 0.25943316162790725
3 0.50390625 0.27395822023809396 0.078125 0.20969397748246604
3 0.94296875 0.5051968167866348 0.1109375 0.26960919802510175
3 0.8171875 0.3656009955334051 0.0875 0.23529475478036196
3 0.7203125 0.4694652776116629 0.10625 0.2583713093761538
3 0.71328125 0.7089783605850849 0.1046875 0.3082711798265045
3 0.98203125 0.26128732804540167 0.0359375 0.2101154796419344
5 0.3796875 0.9389497694352149 0.0390625 0.05719073874123311
5 0.14375 0.5892255814322624 0.040625 0.06510336829088245
5 0.3421875 0.4897903786267987 0.0296875 0.05346496144333699
5 0.3625 0.4994261944813575 0.0296875 0.05033996144333699
5 0.61484375 0.7934115222129922 0.0375 0.06334060919158375
5 0.51171875 0.19220757248984732 0.021875 0.03890181369509049
5 0.50390625 0.4575519702380939 0.025 0.04222707279438929
5 0.51796875 0.43946330429125 0.0265625 0.04545220234403846
5 0.73515625 0.5888265468899944 0.03125 0.05825259099298634
5 0.740625 0.36581984346622176 0.0265625 0.04232720234403846
5 0.73984375 0.40024490824104647 0.025 0.03910207279438911
5 0.8328125 0.27241220003691186 0.0265625 0.040764702344038464
5 0.96015625 0.3994078917404922 0.03125 0.048877590992986344
6 0.9671875 0.4364573087670703 0.025 0.040664572794389287