3 0.14349348611549467 0.8437798982364063 0.18628513470717994 0.3080182971501809
3 0.31528612277208606 0.7605126175945687 0.14082718403881636 0.2931435696514182
3 0.4978788047421784 0.530496489711693 0.11073969470081657 0.257212713703953
3 0.5114129513844522 0.34999011816039555 0.08688402402927142 0.22004690637700666
3 0.4246038420591791 0.4139507988476616 0.10092834269572588 0.21922139077317446
5 0.11177022410085899 0.7375641977614364 0.04289657200827235 0.06314845318850323
5 0.27882990742358676 0.6506363285849881 0.03493862133990877 0.050239017412854636
5 0.47564872139558806 0.43394571630594464 0.027107940006363407 0.04826708163720568
5 0.40959591271481594 0.3334377832438294 0.02549089600572709 0.04349769448207601
5 0.49165388737268 0.26425401402195253 0.02543635200509069 0.0388101944820761
3 0.09886530868077208 0.09878830280439051 0.0824317866804539 0.1058206320667471