3 0.3539737243975124 0.7430588843371385 0.11269450497932318 0.3001011858759707
3 0.13304584534537783 0.6368709342544129 0.13100488922254253 0.266080741882325
3 0.2750421714984453 0.4634725702131092 0.10316831555913657 0.24374209172016936
3 0.5486807376928664 0.8840445742735943 0.11504668927901225 0.20648755357072232
3 0.7792628797580063 0.8378751375868447 0.11703339448421453 0.2673977800317721
3 0.5197469977220999 0.3624247187537072 0.07956421558737148 0.2136727621748647
3 0.4252535450771465 0.350025904629678 0.07276818401734034 0.20418866801906327
3 0.49017653490673874 0.7227309732179341 0.10929648919430761 0.29535913879807013
3 0.6301406532237681 0.61102408563768 0.09763094710093281 0.2826682240254176
3 0.5274439185852607 0.16327415260108308 0.060101584045575154 0.17431025324641086
3 0.7436072448795026 0.1368677909954113 0.06662459983059073 0.17910684740221225
3 0.8587478555157857 0.2503654549572848 0.07781970506402765 0.2105204886359143
3 0.6819655476373953 0.2706212280891981 0.08390310509226265 0.18096935633066596
3 0.6694593004094056 0.41834566193657385 0.07909377872743377 0.2323954886359143
5 0.11795844261571986 0.5341141270302425 0.03599768415851471 0.055260244317957154
5 0.34154088480791667 0.6215248035740177 0.02800317363517104 0.05199887662320535
5 0.2689657477220999 0.36680212175523674 0.025985647326811724 0.04415910308425506
5 0.47921519005547103 0.602732118915863 0.031037168373499215 0.050490923701106104
5 0.7797549743975124 0.7356268449731708 0.037651189420186526 0.056850017856907444
5 0.6291990504799927 0.4931917033324318 0.02763915258848364 0.04574887662320535
5 0.8636621396460654 0.16599045495728476 0.025803636803468068 0.04103410308425506
6 0.8715810554593159 0.19082681372358273 0.022314615756780398 0.03472955600635443
5 0.6892767896743004 0.19869168101129736 0.022223610495108837 0.03316705600635439
6 0.6896107186417304 0.219758157472347 0.018734589448421345 0.02686250892845372
5 0.7454497369164075 0.06503370130383682 0.01900760523343692 0.03155000892845374
5 0.5261159079913298 0.09227585998740924 0.01726309471009326 0.028397735389503388
5 0.6732661108480447 0.3261854354755242 0.024332142065139804 0.04256932954530477
5 0.5093170029131846 0.28690256737373543 0.025530621018452493 0.03634660308425506
5 0.5216727897448875 0.2757605158316079 0.020843121018452492 0.0362647824674041
5 0.41610532920742643 0.265896366480231 0.019098610495108838 0.03311250892845372
5 0.42884054763739526 0.2750395413991531 0.017263094710093442 0.02839773538950343