3 0.06426459156640411 0.7622292026972917 0.12852918313280823 0.2934616721120834
3 0.45869779965287877 0.8747227236410244 0.09504963828925295 0.250554552717951
3 0.3155653585458862 0.8780733880599481 0.10560519237293686 0.2438532238801038
3 0.2310738297747636 0.5925739321800696 0.09375995680090717 0.27071384992375014
3 0.6308580310485572 0.7871857558870144 0.08585817676384018 0.3126831443766667
3 0.4007092618960815 0.48158514684520864 0.0781696731356433 0.22663654160312507
3 0.5190599578123976 0.47339339997934077 0.07035717313564334 0.22645470364722228
3 0.5137177265015371 0.245740525454306 0.05331351687504089 0.1854660277354167
3 0.8975148292266095 0.40557730565826466 0.07359130054030487 0.22965243882958344
3 0.7763169302224013 0.2713997145682298 0.05989089908902603 0.19498649810013893
3 0.6969270082678845 0.5744870405562853 0.07758931977759857 0.2547251740119446
3 0.7007762384824365 0.3970887391695145 0.0760615361123346 0.2109751740119444
5 0.2971005899415647 0.7841087751699656 0.030089293283910835 0.05690461664125017
5 0.043199318342018254 0.6437149388295834 0.03628472958157995 0.05548758700597212
5 0.2232563844914198 0.48058242524621547 0.02814484736759475 0.04593074905006951
5 0.4513615040067152 0.7775347329012503 0.030089293283910835 0.056904616641249996
5 0.6346328501931836 0.6566988220914242 0.029871038474587407 0.05065461664125
5 0.3891393340359329 0.3874896547289934 0.020059528855940555 0.03793641109416672
5 0.4059721699707823 0.39804594823197953 0.01827877404661713 0.03165004350298606
5 0.5140748797669143 0.16834222406753516 0.016661710344286363 0.03005117591180557
5 0.5085887384824366 0.392615525454306 0.023184528855940557 0.0380091462765277
5 0.5215798118034143 0.37884396618375044 0.020059528855940555 0.03793641109416672
5 0.71167158766413 0.30898932712541727 0.01984127404661713 0.03168641109416672
6 0.7123883502780017 0.3332444447165978 0.01655258293962447 0.026926175911805572
5 0.703653212621721 0.47143477573864645 0.020114092558271325 0.03949891109416655
5 0.7814161471901095 0.19254801595500065 0.019950401451278844 0.034811411094166675
5 0.9078199013664608 0.31199095981857716 0.02329365626060209 0.04113414627652787
6 0.9145411273198437 0.3434227977744799 0.02329365626060209 0.04113414627652778