3 0.07142712364826356 0.7639136778601487 0.13662678793844135 0.29666172359113024
3 0.4700344567177893 0.8514533063611187 0.09826296991261038 0.2656646947351895
3 0.32688385029129857 0.862695885124392 0.108836757059629 0.25354664065150556
3 0.23591683564331517 0.5825669302224015 0.09692779044572382 0.27342263103285874
3 0.6401316595416409 0.7456149902117171 0.08878032132453625 0.3152827488188736
3 0.40263062569332764 0.458896273328827 0.07998433135366607 0.2275644940095503
3 0.5209858205996204 0.44149546380284727 0.07221729546028861 0.22885417549789583
3 0.5103906160599092 0.21553316452848673 0.05536476458147632 0.1861210384745874
3 0.8976141682506225 0.3456149570946073 0.0769957236735344 0.23214286660488845
3 0.7732399570469937 0.2211829306857375 0.06345004922121227 0.19576885698624164
3 0.7010704742022595 0.5288615106301371 0.07928564937949716 0.2571974303072192
3 0.7007619003039338 0.3517087335882952 0.07957515439406197 0.21350199400955017
5 0.3062196607952822 0.7682018406593549 0.031324207838416565 0.05728671034428636
5 0.049055681644964655 0.6476264789486078 0.03596624373179384 0.055887901451278844
5 0.22510501926683685 0.471339253543379 0.02944345909205772 0.046294646641955414
5 0.4605123557015749 0.7495460659797656 0.031324207838416565 0.05728671034428636
5 0.6408029124446347 0.6152553676163788 0.029579851411925873 0.05098214664195542
5 0.38895222209068847 0.3657191922033009 0.021449102665567033 0.03977182813030113
5 0.40662545539764106 0.37524795962649604 0.018096782132453627 0.03185020072563942
5 0.5087348393377319 0.13832582378431385 0.01648881802583091 0.030233137023308564
5 0.5084607400373772 0.36232631897499046 0.02301160266556703 0.039826391832631994
5 0.5213926490502926 0.3470460593563436 0.019841138558944316 0.03815476442797028
5 0.7095806223281154 0.26320922877897174 0.019704746239076344 0.03346726442797028
6 0.7112196786754638 0.2873461332254755 0.017960389812585475 0.02716270072563942
5 0.7056336052393565 0.42568194692780637 0.021449102665567033 0.03977182813030104
5 0.7770983944314391 0.14222211698340664 0.01975021034569906 0.035029764427970275
5 0.9058107646479833 0.25167398413644937 0.024619566772189926 0.04144345553496285
6 0.9134952325155297 0.2826238837736296 0.024665030878812645 0.04300595553496285