3 0.9177996699664821 0.70390625 0.11144493151195078 0.2859375
3 0.674190759304214 0.86015625 0.09095057508545992 0.2796875
3 0.4507017835191089 0.915625 0.1002226235152495 0.16875
3 0.3298868298373274 0.85234375 0.1085017879384413 0.2921875
3 0.22827548337345957 0.478125 0.09441054420664755 0.2375
3 0.8600101828320987 0.19296875 0.05683633636823089 0.18125
3 0.7577693844023092 0.08203125 0.048250946555645415 0.1546875
3 0.3552735555559256 0.32890625 0.07327969028743926 0.209375
3 0.4075788869760987 0.571875 0.08259250580598784 0.2609375
3 0.5753250134608491 0.740625 0.09466660847155488 0.3
3 0.7697258828194636 0.69140625 0.09099603919208263 0.28125
3 0.5921527445897237 0.10859375 0.045216874768890844 0.1578125
3 0.48922866989997515 0.2359375 0.053438551728494946 0.171875
3 0.5588675684880494 0.2859375 0.06179662100796719 0.190625
3 0.5310618510827214 0.5703125 0.0777686134861197 0.25625
3 0.6458577884671668 0.49140625 0.06807536473976086 0.2453125
3 0.6803417517158596 0.3265625 0.059126262074193824 0.20625
3 0.7062259532860701 0.215625 0.05633623119538136 0.1640625
3 0.14907108735917485 0.91796875 0.12950094655564545 0.1546875
5 0.40370739238637504 0.46328125 0.02163095909205772 0.0453125
5 0.13996051181149652 0.88203125 0.036329956584775315 0.0671875
5 0.4386253323446098 0.87421875 0.0351766335443795 0.08125
5 0.32008358399396253 0.7328125 0.03123327962517113 0.053125
5 0.22165106182413177 0.38359375 0.026363923198680438 0.046875
5 0.35384509936686176 0.24375 0.021358174452321597 0.0359375
5 0.5286391962264411 0.465625 0.024755959092057724 0.0453125
5 0.7738942087628533 0.575 0.027880959092057723 0.0453125
5 0.9321469779631834 0.58671875 0.0295343873053028 0.0484375
5 0.681370424981047 0.74765625 0.031233279625171306 0.053125
5 0.5820416778840409 0.6171875 0.02806281551854859 0.0515625
5 0.6487674912910183 0.39140625 0.02310253087881229 0.0421875
5 0.6882882955267957 0.24140625 0.019704746239076344 0.0328125
5 0.5539276673926927 0.2140625 0.01818771034569906 0.034375
5 0.5635072558724947 0.20703125 0.015017246239076344 0.0328125
5 0.5940622370678763 0.04296875 0.01474446159934022 0.0234375
5 0.4850018226446845 0.16640625 0.014971782132453626 0.03125
5 0.4964932521115711 0.17421875 0.01005696159934022 0.0234375
5 0.7627356807205278 0.01875 0.014880853919208192 0.028125
5 0.710501927817534 0.14921875 0.01805131802583091 0.0296875
6 0.8725843906705155 0.13671875 0.018096782132453627 0.03125
5 0.8706952817367423 0.12109375 0.01818771034569906 0.034375
6 0.7131268226446845 0.16640625 0.014789925705962936 0.025