3 0.8970754008383981 0.7062827152703886 0.12287973654387443 0.28812723477649377
3 0.6470267339459419 0.8576917209277294 0.10199402645796614 0.27707156010845857
3 0.42154537709396533 0.9128933470965748 0.10728131275401327 0.16932269262201594
3 0.30389088760941496 0.8479728499252452 0.12008228516439337 0.2943590540583344
3 0.2181569419956852 0.47202394916311946 0.10315373473485201 0.2395897408266178
3 0.8606531377209568 0.1941508748131131 0.062623909995051 0.18155907220870704
3 0.7634240128902988 0.08225083851236789 0.053501215512975264 0.1565136204133089
3 0.35085433457788184 0.32442172043675 0.08292976594251655 0.21135565651766236
3 0.3935077448000757 0.5686302626894235 0.09336265490666858 0.2614011083130606
3 0.5532911013133679 0.7387422539088249 0.10642922094004206 0.302089740826618
3 0.7494567723896955 0.6915212993829523 0.10232157507848516 0.28332156010845855
3 0.5957894555633525 0.10665646175434718 0.05045810266810484 0.15805793969514967
3 0.4884162895754075 0.2330240399149825 0.0606519742194024 0.1737374818496274
3 0.5560265134561256 0.2841774737563997 0.06944712008095948 0.1925329336450255
3 0.5169452448000758 0.5679121243221339 0.0884294934412793 0.2566863372358217
3 0.6342799089789984 0.48990932328886155 0.07848128335537119 0.24569429508134388
3 0.6756905602676223 0.3256559257481896 0.06714099163225704 0.20813975292686618
3 0.7064636047042698 0.21535423000291565 0.0633675384437538 0.16594316256778666
3 0.12014665140422491 0.911522786398941 0.13639560266810494 0.15855790944452863
5 0.39377109565915835 0.45928707894620224 0.024249727498762842 0.045439765027114734
5 0.11347724954977408 0.874854033373879 0.03945864767057934 0.06739657825883114
5 0.41125633028246866 0.8707785699692119 0.0387150192218769 0.08301248789975162
5 0.299217754976841 0.7285052324388026 0.03255355042954129 0.0548602168225127
5 0.21451736488103518 0.37754269613805735 0.029019114653892508 0.047029536104353474
5 0.3521921845324533 0.2392836511549093 0.022195904567984304 0.03605567466803503
5 0.5185254341937691 0.4632473502198328 0.02737472749876275 0.04545794574527395
5 0.759463615446862 0.5750923234852532 0.03058161465389251 0.047038626463433174
5 0.9164981874731293 0.5890179472182119 0.032307888964152195 0.050172716822512696
5 0.6590907219601542 0.7467178594914109 0.03255355042954129 0.0548602168225127
5 0.5660101865686182 0.6152683924725064 0.03090916327441153 0.05328862646343317
5 0.6418644369073025 0.3898956877502421 0.02408595318850324 0.04231476502711455
5 0.687143716644629 0.24124001913233126 0.020469630257724702 0.03292158430895542
5 0.5543245725920942 0.21233429001317838 0.018989017412854636 0.03447499394987581
5 0.5632868147901782 0.2052530430382405 0.0157821302577247 0.032894313231716585
5 0.600791216078802 0.04102237139526756 0.015290807326946165 0.023519313231716566
5 0.4873727679786814 0.16352006099222138 0.017262743102595124 0.0313409035907962
5 0.4986820822030326 0.17126438329912425 0.012165807326946165 0.023501132513557323
5 0.7706466926730536 0.018946862614668845 0.015536468792335612 0.02820681323171656
5 0.7130688087972843 0.14892979928475641 0.02030585594746519 0.02979658430895542
6 0.8752788817280628 0.13861394712001598 0.020387743102595123 0.03135908430895542
5 0.8737540032793604 0.1230025826586354 0.018989017412854636 0.03447499394987581
6 0.7152930500908571 0.16609911856659718 0.015372694482076099 0.025081813231716543