3 0.5371844917437987 0.8385386461987666 0.133571575078485 0.2876511917107738
3 0.40194419606395576 0.48390683741524876 0.1112118962002413 0.24776102076024667
3 0.9525462251239135 0.1592650512947819 0.088360894391219 0.19849584980971963
3 0.9123814863167319 0.6776277321311407 0.12246365671569066 0.3137043557412186
3 0.7967907858417618 0.7128715068457201 0.1350455438708206 0.3157761917107738
5 0.5124058197629597 0.769085650647391 0.034443599050060315 0.062210839923887915
5 0.5243801973071511 0.7286688976816414 0.03576043758467105 0.05758700692008212
5 0.38428530529078136 0.38597867338480396 0.02712906603337357 0.04164367193911023
6 0.8086932423096256 0.626265503385679 0.03049972749876275 0.04645850593149916
5 0.7946407083884276 0.5822117558571369 0.030581614653892687 0.04802100593149916
5 0.9035686510614813 0.5542857326254322 0.0374048247398008 0.059213173916276673
5 0.9554421737898611 0.08007229981190717 0.020551517412854638 0.03513900395433269