3 0.37502037070336197 0.27463965738381585 0.06471812269254426 0.19135225334181777
3 0.18499316534054513 0.05527039735836249 0.07456474267981754 0.0977295226766359
3 0.48665785204486156 0.33608678206554243 0.06473630402608972 0.19291475334181776
3 0.5884283426957259 0.2208805000795418 0.04576812802354446 0.1739465773392725
3 0.499165848026726 0.20265666406745148 0.05025563335454457 0.15681362133990878
3 0.5824317866804539 0.10832595607890547 0.04040791868236297 0.11607953333863615
5 0.37255789469286243 0.1972777260502704 0.017605670671545236 0.03613749466899989
5 0.47636469470081655 0.25707144406426974 0.015988626670909056 0.03143181333545444
5 0.4953135946849082 0.14012030140036055 0.01598862667090888 0.03143181333545444
5 0.578779528007636 0.06297709341181457 0.014371582670272432 0.026726132001908993
5 0.5821141606858629 0.14816061541213274 0.014407945337363514 0.029851132001908986