3 0.3499180550951743 0.7537475704105708 0.10104666714519342 0.3016021947351897
3 0.13804059238863536 0.6165029976377473 0.12010420199158375 0.2663740228654907
3 0.28969984002638266 0.4622297038056823 0.09283237386128267 0.24513393992586624
3 0.533415057457427 0.9090030108845912 0.10542165389834963 0.18199397823081753
3 0.7663738903970516 0.88650550670824 0.10571431977759857 0.22698898658352
3 0.5400024295894291 0.395096800625123 0.07142859981466554 0.21317461179556513
3 0.4462350714220612 0.3699206966341062 0.06490578130301117 0.20514385698624168
3 0.4868550599044978 0.7522718943645207 0.0961409123358699 0.29518850362819704
3 0.6324527913001763 0.6595809412766286 0.08638396641955418 0.2839236214142119
3 0.5594320197854479 0.19709581024376982 0.052877007256394035 0.17351191106992564
3 0.775974679041275 0.20074663301659332 0.0592906983633867 0.17841766587924912
3 0.8825470828548065 0.3296206558820841 0.0698115361123346 0.21155754809323427
3 0.7058754554501447 0.3265799575186974 0.07653276206571746 0.18058036660488846
3 0.6835862492822098 0.472073506793058 0.07052086424263582 0.23187004809323425
5 0.12922364229596814 0.5105977380191005 0.03315972958157998 0.05577877404661713
5 0.34641608757931197 0.6300372518989166 0.026746038474587407 0.050873019237293704
5 0.28998507142206115 0.3644643264010206 0.02496528366526398 0.044568455534962845
5 0.4832985286863045 0.6301240758528663 0.02830853847458741 0.050927582939624474
5 0.7736358080903992 0.8053076474445635 0.03477679328391083 0.057395837748948166
5 0.6389161008261558 0.5416940368301248 0.02658234736759475 0.04618551923729371
5 0.893251459078342 0.24708097439373838 0.024801592558271322 0.03988095553496285
6 0.8994096898410483 0.2723265110542272 0.021512901451279022 0.035084328130301136
5 0.7177603857573642 0.2550323397326825 0.01984127404661713 0.03190476442797028
6 0.7170237757758976 0.27612608973268254 0.018115082939624473 0.02716270072563942
5 0.7824181411996598 0.12822679227242045 0.01671627404661713 0.031795637023308565
5 0.5634771682415017 0.12605662394610068 0.01660714664195524 0.028670637023308566
5 0.6946180077197303 0.38015882530471223 0.021785719962933214 0.042896828130301226
5 0.5340823010036411 0.31823420026230326 0.02312996515360961 0.03670139183263199
5 0.5461557150687917 0.3084871780297847 0.01844246515360979 0.03653770072563942
5 0.44217754319909286 0.28451890997361734 0.0183333377489479 0.03341270072563942
5 0.45510412913394227 0.2951389514434296 0.016607146641955416 0.028670637023308566