3 0.09928971794478685 0.8209544871484187 0.13599327377853632 0.30809102570316255
3 0.5445829472666224 0.7855900597349199 0.10768849131354763 0.3365688527754692
3 0.29566810421488243 0.7182420281374394 0.11629720388616019 0.2870145217488297
3 0.43714282071643645 0.6467278309894582 0.1020163800648426 0.28175401878308026
3 0.32605965570540574 0.36242576825160766 0.08638707195929074 0.21405718281352523
3 0.42706772994100806 0.21193899551419468 0.06639990363849116 0.1867306788591925
3 0.925777173488086 0.4663573096977389 0.10488451488719619 0.2428825197716634
3 0.806248077540862 0.5048852519028042 0.08806088792272541 0.2499946828135251
3 0.7339835874656595 0.6675072687087182 0.0900985769216895 0.2937446828135252
3 0.6380460411469319 0.5571374544879929 0.09071500702931345 0.27349584980971964
3 0.5927613122393811 0.42513537939285273 0.07773981803034928 0.22930018083635878
3 0.48011576302516934 0.42659440311884894 0.08108314185166687 0.23411501482874755
3 0.5396897003715035 0.12594580429771252 0.052517186103479926 0.15653384288963737
3 0.59456344499482 0.19493854342329758 0.061275755995855975 0.1771646778706093
3 0.8605094685684687 0.09017415308166786 0.056078833746114755 0.16603617688202615
3 0.6828554652586997 0.35962844311928643 0.06658399420903187 0.22416701186299814
3 0.6319263961948931 0.050459643993045054 0.04317641935425698 0.10091928798609011
3 0.7019778387085138 0.21560918768207898 0.06022267824559702 0.18803851087441492
3 0.7216674464425621 0.13418543273916309 0.05636993217453856 0.17228617688202616
3 0.7577247628202816 0.029051546901929216 0.03339900496239867 0.05810309380385843
5 0.0545871858940829 0.7014524120532786 0.03699488585581086 0.05765067391627667
5 0.2679754437519658 0.6614482000765497 0.0338698858558109 0.05752333992388792
5 0.287939033289049 0.602712528631731 0.030599336641599174 0.054271005931498986
5 0.31573427770747775 0.2751804362363853 0.02198631596343468 0.036765170950527094
5 0.5321471056626246 0.6530322277196975 0.03296235731976367 0.07152217292769336
5 0.4224552743977089 0.5330473329666245 0.027110463606069855 0.046331171939110405
5 0.4725151246881591 0.3306279871112377 0.020569365177646404 0.039826503954332716
5 0.41885066149637407 0.13634874650277784 0.018642992142117266 0.031950336958138294
5 0.5868687231165826 0.3322302963890471 0.022131865177646405 0.03989017095052709
5 0.6391654313459689 0.4467265365032153 0.02718323821317572 0.047893671939110406
5 0.7346663300220614 0.5477213507239407 0.027328787427387445 0.0510186719391104
5 0.8046063407754284 0.40241416791041545 0.025475188998963817 0.04470500494291585
5 0.93372876054397 0.3681917237281838 0.023767139784752443 0.04151633794672147
5 0.6816867634394541 0.2673136091268976 0.02205909057054072 0.038327670950527096
5 0.5867102495857152 0.12716079441188075 0.018642992142117266 0.031950336958138335
5 0.5336901033908221 0.06435438829010129 0.015299668320799497 0.027135502965749514
5 0.5951220630679506 0.12290437593281159 0.01380994292790554 0.028634335969555114
5 0.7022453583532209 0.13732502019159298 0.01693494292790536 0.028761669961943914
5 0.7215175891227986 0.0637455987467743 0.0168621683207995 0.027199169961943916
5 0.8653382096771285 0.025793318100695895 0.017007717535011225 0.030324169961943915
6 0.8667380438375283 0.0390427346025987 0.015299668320799497 0.027135502965749524
6 0.7268600605867512 0.07761709775819113 0.01515411910658777 0.024010502965749515