3 0.24260412913394225 0.2627353277316346 0.06236113466105584 0.1786046637873756
3 0.4217459921106337 0.2668454295219627 0.053531771684364314 0.1936288864894796
3 0.47084323493905755 0.11091680213178172 0.04920637023308565 0.15905362739018097
3 0.6506125804925539 0.09705815392210979 0.04953375244707061 0.168428627390181
3 0.7162648623437192 0.0920714628368383 0.046190497637747185 0.16197836829088236
3 0.6045981868458232 0.1647055313122908 0.05018851687504089 0.18717862739018098
3 0.5523561297669144 0.12050375077519235 0.05109625244707061 0.16852875693983033
3 0.5084647752277435 0.03254193399317027 0.0315079495445131 0.06508386798634054
3 0.7503149693299609 0.05381330583240953 0.042683551721431276 0.10762661166481906
3 0.622780246371803 0.059431052593207044 0.0409573606144388 0.11886210518641409
3 0.6760515793114275 0.03819760024916859 0.038521841377145094 0.07639520049833717
3 0.5535044567160892 0.0355371248477291 0.04093751324684405 0.0710742496954582
5 0.22865324573883075 0.19347418800295252 0.016825401451278844 0.03537629549649326
5 0.42458330463183813 0.1855954295219627 0.01671627404661713 0.03225129549649317
5 0.46165177341364494 0.06161770897932697 0.013373019237293704 0.02580103639719456
5 0.46914681488345716 0.04788587600590502 0.013482146641955416 0.028926036397194564
5 0.7193923515439461 0.02483389806201364 0.014935519237293703 0.025901165946843892
5 0.6546031652462769 0.027426774372460466 0.013427582939624472 0.027363536397194566
5 0.6041468082600352 0.08834329041158942 0.01671627404661713 0.032251295496493214
5 0.5517137782229684 0.049610259874491004 0.013373019237293704 0.025801036397194575