3 0.384375 0.74453125 0.0796875 0.2953125
3 0.16328125 0.62265625 0.10234375 0.259375
3 0.30390625 0.45859375 0.0765625 0.2390625
3 0.5796875 0.89921875 0.0921875 0.20078125
3 0.81015625 0.86875 0.08828125 0.26171875
3 0.5484375 0.37421875 0.05703125 0.209375
3 0.45390625 0.35546875 0.05078125 0.20078125
3 0.5203125 0.73359375 0.0765625 0.28984375
3 0.659375 0.63125 0.06640625 0.27890625
3 0.5546875 0.175 0.04140625 0.17109375
3 0.7703125 0.1640625 0.046875 0.17578125
3 0.8859375 0.28515625 0.05546875 0.20703125
3 0.709375 0.29375 0.0640625 0.1765625
3 0.69765625 0.440625 0.05390625 0.228125
5 0.14765625 0.51796875 0.0296875 0.053125
5 0.371875 0.621875 0.02265625 0.05
5 0.29765625 0.3609375 0.021875 0.04296875
5 0.50859375 0.6125 0.025 0.04921875
5 0.81015625 0.76640625 0.03125 0.05546875
5 0.6578125 0.51328125 0.0234375 0.04453125
5 0.890625 0.2015625 0.021875 0.0390625
6 0.8984375 0.2265625 0.01875 0.03359375
5 0.71640625 0.221875 0.01796875 0.03125
6 0.7171875 0.24296875 0.015625 0.02578125
5 0.771875 0.09140625 0.01484375 0.03046875
5 0.553125 0.10390625 0.0140625 0.028125
5 0.7015625 0.3484375 0.01953125 0.04140625
5 0.5375 0.29765625 0.02109375 0.03515625
5 0.54921875 0.2875 0.01640625 0.03515625
5 0.44375 0.2703125 0.015625 0.03203125
5 0.45703125 0.28046875 0.01484375 0.028125