3 0.36941727666332386 0.8250968229512725 0.14646829454985522 0.3102737708194909
3 0.17731411141704695 0.907094201882613 0.16521331614940155 0.1774007140642304
3 0.5469643793883963 0.6626004156423021 0.12388396641955399 0.28855945712440045
3 0.43788695743387934 0.3642210772702093 0.09993554573098148 0.22778264342931004
3 0.9749901094333124 0.5302073087670702 0.05001978113337522 0.29483044108527146
3 0.9409499261308681 0.12840377930970598 0.09292165389834964 0.20550712523071263
3 0.844176652169069 0.4290126534606845 0.1107292019915839 0.2690084207272058
3 0.7590328150530932 0.5245137230158712 0.12695440271722322 0.287197216223699
3 0.8472694581516697 0.7866446807585804 0.124682574586922 0.2667845866740496
5 0.14012164626343726 0.8734596815245474 0.04927580290255764 0.07175388648947986
5 0.3247545626908405 0.712075191242155 0.03628472958157998 0.05689035009228505
5 0.3512624989885097 0.7088104888981166 0.03623016587924912 0.055327850092285046
5 0.42155014010335146 0.27757217844222853 0.028035719962933036 0.04388970234403846
5 0.5166196257601993 0.5784151827611652 0.03148810217691818 0.05346496144333699
5 0.5266568246717401 0.5519330259136199 0.03148810217691818 0.053464961443337164
5 0.9474876136096636 0.04655300201181004 0.026200401451278665 0.03597707279438913
5 0.9937401094333124 0.4094745041712784 0.012519781133375218 0.05336483189368768
5 0.8303100704105709 0.32341349553340504 0.031324411069925874 0.048777461443337077
5 0.845476290458322 0.6904508012089311 0.03812004809323426 0.0648029796419344
5 0.75108885108061 0.4091390468899944 0.02965278366526398 0.04555233189368781
6 0.7602927254900467 0.44848214914174783 0.02798115626060227 0.04232720234403846