3 0.2737754059284872 0.4498912761602731 0.09042605386194272 0.23800401878308025
3 0.39117652936685826 0.48183500144569374 0.09039878278470379 0.2333165187830804
3 0.4595396682251273 0.2782205701150433 0.06667039129415606 0.1823615138401644
3 0.1582215661585828 0.06388213338436646 0.07714428298109555 0.1031196828135252
3 0.5457680597156751 0.3247188853243518 0.06523515632127079 0.20417284684397002
3 0.5418294725780493 0.18500246931674055 0.052426084112563845 0.15053851087441492
5 0.26307827956325 0.3573363616355366 0.025254530054229285 0.04476867193911023
5 0.3742339481811608 0.3903160049057348 0.023673849336070064 0.041580004942915846
5 0.5344664244716434 0.1282577207996153 0.017360216822512698 0.030387836958138292
5 0.45209026170746497 0.20663207159791805 0.02050339754067192 0.03364017095052709
5 0.5335675206844555 0.24238388779580972 0.01894089754067192 0.03357650395433272