3 0.39309382996500164 0.2808823338338137 0.07725448535963508 0.19811825256024873
3 0.23160398866168203 0.050233031358269585 0.08054202267663593 0.07807876834526431
3 0.49694498862191117 0.3588546863658276 0.07727266669318063 0.19968075256024873
3 0.6122347286362286 0.26002932046787264 0.05830449069063519 0.17983868942018652
3 0.5265972206397285 0.22924278107592092 0.0612294960216353 0.16283319994353027
3 0.6213471939847279 0.14876559677623186 0.04823860001590852 0.11991765785015547
5 0.40101596530872835 0.20472935751133706 0.019168170671545283 0.037029563140062206
5 0.49709098663272877 0.2791216837349917 0.019131808004454243 0.03390456314006211
5 0.5304494739815463 0.1669247915992646 0.017551126670908877 0.03225105787839033
5 0.6234369526575458 0.10354410203790369 0.01593408267027261 0.027472552616718503
5 0.6154239106460919 0.18750957836038037 0.017532945337363513 0.03068855787839033