3 0.1064081252808838 0.7625085433243186 0.15025446404263715 0.3343579133513629
3 0.2789924542045561 0.7143784839672288 0.13825907507848506 0.28424882535009016
3 0.5062499157608025 0.5460081026018666 0.10997694482076029 0.25112724267981756
3 0.5590839094292244 0.3757586899268216 0.08465604025277607 0.21491702267663593
3 0.46092637041964374 0.41207854527373 0.09863665309764631 0.21351815467854496
5 0.08702960424998463 0.6314039939926822 0.04373671189493056 0.0598477146721816
5 0.2681634175698247 0.5972455279678651 0.033706614653892505 0.047238626670908876
5 0.5057375814100632 0.44673480860123027 0.02589411465389251 0.0471477200031817
5 0.4644397947753317 0.3299563886060028 0.02564845318850324 0.042460220003181705
5 0.5583635351643933 0.28743198659295793 0.02540279172311415 0.0377727200031817
3 0.21491899310259505 0.030231845321455092 0.07983798620519007 0.060463690642910184