3 0.25234375 0.27890625 0.05625 0.17578125
3 0.43203125 0.29453125 0.046875 0.19140625
3 0.47578125 0.14140625 0.04375 0.15546875
3 0.65546875 0.1390625 0.04453125 0.16484375
3 0.72109375 0.13828125 0.040625 0.159375
3 0.61171875 0.20390625 0.04453125 0.184375
3 0.5578125 0.15625 0.0453125 0.16640625
3 0.51015625 0.0484375 0.02890625 0.096875
3 0.753125 0.08046875 0.03828125 0.1484375
3 0.62578125 0.0859375 0.0359375 0.14296875
3 0.678125 0.059375 0.034375 0.11875
3 0.55546875 0.05625 0.03828125 0.0984375
5 0.2359375 0.20859375 0.01640625 0.034375
5 0.43203125 0.21328125 0.01640625 0.03125
5 0.46484375 0.09140625 0.01328125 0.02421875
5 0.471875 0.078125 0.01328125 0.02890625
5 0.753125 0.01875 0.01328125 0.025
5 0.721875 0.07109375 0.0140625 0.025
5 0.65703125 0.06953125 0.01328125 0.0265625
5 0.60859375 0.12734375 0.01484375 0.03125
5 0.6234375 0.0265625 0.0125 0.02578125
5 0.553125 0.01875 0.0109375 0.02109375
5 0.5546875 0.08515625 0.01328125 0.02421875