3 0.65703125 0.89375 0.0859375 0.21171875
3 0.178125 0.7671875 0.1078125 0.309375
3 0.36640625 0.6359375 0.084375 0.25625
3 0.5171875 0.5734375 0.06875 0.24609375
3 0.48046875 0.30703125 0.0546875 0.19921875
3 0.94765625 0.5109375 0.08046875 0.2546875
3 0.8046875 0.3796875 0.0609375 0.22421875
3 0.7203125 0.4890625 0.0765625 0.24375
3 0.74296875 0.7265625 0.06953125 0.29453125
3 0.97578125 0.265625 0.04765625 0.20390625
5 0.43671875 0.97421875 0.0328125 0.05078125
5 0.15859375 0.64140625 0.03359375 0.059375
5 0.34453125 0.53125 0.02421875 0.04921875
5 0.36640625 0.5390625 0.02421875 0.04609375
5 0.6546875 0.81640625 0.03046875 0.05703125
5 0.478125 0.22578125 0.01796875 0.03515625
5 0.50234375 0.48984375 0.02109375 0.0390625
5 0.51484375 0.4703125 0.021875 0.040625
5 0.75 0.60625 0.025 0.05390625
5 0.728125 0.384375 0.021875 0.03828125
5 0.73203125 0.41875 0.02109375 0.03515625
5 0.809375 0.28671875 0.021875 0.03671875
5 0.95234375 0.40546875 0.0265625 0.04453125
6 0.96328125 0.44140625 0.02109375 0.03671875