3 0.17109375 0.6546875 0.3421875 0.640625
3 0.6390625 0.509375 0.10546875 0.27890625
3 0.8734375 0.57734375 0.16796875 0.36640625
5 0.10234375 0.39296875 0.08125 0.11640625
5 0.63828125 0.39140625 0.02265625 0.04375
5 0.88359375 0.42890625 0.034375 0.06015625
3 0.8265625 0.459375 0.053125 0.17890625
5 0.83125 0.38671875 0.015625 0.03125
5 0.91796875 0.38671875 0.01796875 0.02890625
3 0.965625 0.45390625 0.0578125 0.16015625
5 0.9625 0.38828125 0.01640625 0.03125
3 0.44296875 0.440625 0.075 0.16875
5 0.4453125 0.37265625 0.01796875 0.03125
5 0.8765625 0.38359375 0.01328125 0.02265625