3 0.15019713068401516 0.5154232681852303 0.2714299677398991 0.4441534636295394
3 0.4260511552911209 0.49770126457893404 0.20903697559778184 0.40864229852673156
3 0.6687073821317572 0.42351609352404174 0.11745728949430205 0.24805472376899793
5 0.12131649772368842 0.3497107868746637 0.056909279569504576 0.08496486188449896
5 0.4256230080627706 0.33705334168245626 0.04219180810555194 0.06991901609154336
3 0.5527206631490038 0.4574918917986718 0.15481604838564209 0.3145209579295562
5 0.5384868810982999 0.33699907533881135 0.033797111248705033 0.05687271287323474
5 0.17075357154500598 0.3509565765993191 0.03379711124870499 0.05687271287323466
3 0.31881438998964007 0.4166312170606086 0.11905402274507901 0.21546074505632137
5 0.3204260858130296 0.3334363048077925 0.022059090570540542 0.03892038836760259
5 0.6226435572769823 0.3264115005810777 0.023621590570540717 0.03902964901126431
5 0.6492788318840882 0.3261165696388282 0.027110463606069855 0.04706067029858776
5 0.663959916044488 0.3384144738458726 0.02362159057054054 0.03902964901126431
5 0.6855074303125116 0.3298535748346083 0.020205492142117087 0.03256112772394086
3 0.8084419702210985 0.4113935159163164 0.08246155128112634 0.19888525025210163
3 0.8895100337033337 0.40180571244590624 0.07377575599585598 0.17958894703379288
3 0.9468858860606986 0.388388068630422 0.0676327638537387 0.14801116510280768
3 0.981125933415138 0.37075817221704777 0.03774813316972399 0.11857503737886681
5 0.8134333771693584 0.3334488323761769 0.020351041356328637 0.035686127723940864
5 0.8448289263835702 0.3343886195029422 0.017007717535011225 0.030780106436617327
5 0.8294586375084407 0.34094997593955956 0.018642992142117266 0.03245186708027905
5 0.8909954509906761 0.332727930514921 0.018642992142117266 0.03245186708027905
5 0.8682300390800173 0.33196845984801615 0.017007717535011225 0.030780106436617327
5 0.9520421129013348 0.3308105154121133 0.015226893713693812 0.025983345792955602
5 0.9838550390800173 0.32388317221704777 0.010248295285270359 0.019405563861970343