3 0.3015625 0.56953125 0.2390625 0.46484375
3 0.53984375 0.50625 0.1375 0.29140625
3 0.69453125 0.525 0.09609375 0.29609375
3 0.81484375 0.5 0.07734375 0.23359375
3 0.93046875 0.48515625 0.06015625 0.15859375
5 0.2984375 0.38203125 0.05078125 0.08515625
5 0.55078125 0.384375 0.025 0.04765625
5 0.659375 0.3875 0.0203125 0.0375
5 0.68828125 0.403125 0.02734375 0.04765625
5 0.81015625 0.39765625 0.02109375 0.03125
5 0.57578125 0.428125 0.0203125 0.03515625
5 0.9296875 0.41640625 0.01328125 0.02109375