3 0.24486433111895783 0.6234375 0.3211217319513199 0.5046875
3 0.45805662177215234 0.5265625 0.20193270801562524 0.3515625
3 0.6356374143252079 0.4828125 0.1451358877271529 0.2609375
3 0.7152528323532288 0.45234375 0.09066528685347244 0.203125
3 0.8026255457840967 0.4578125 0.10676306553881965 0.2234375
3 0.9103659638121175 0.42734375 0.08063567021222226 0.175
3 0.09728930803628458 0.578125 0.19457861607256915 0.421875
5 0.024069686978176925 0.4234375 0.04813937395635385 0.0828125
5 0.23780063279006908 0.4234375 0.058177482332569495 0.0828125
5 0.43129671286218707 0.40078125 0.040553571238402954 0.0640625
5 0.6247018739563538 0.38203125 0.029216027735416716 0.046875
5 0.7069695132990275 0.371875 0.022747822188333443 0.0375
5 0.782005880890208 0.3703125 0.02278418977951393 0.0390625
5 0.7952689470946177 0.37109375 0.019695557370694415 0.040625
5 0.8172530498681594 0.36640625 0.02100348423243048 0.0296875
5 0.9025911378240622 0.35859375 0.021039851823611143 0.03125
5 0.9238849095755552 0.35 0.017696646276527873 0.021875