3 0.5885923104672861 0.46962055120149626 0.13330697240056466 0.30583437278026226
3 0.3288002991032003 0.553492078693006 0.2199729496723931 0.4429844475379959
3 0.7555070750777826 0.4423046623296907 0.09202740746575629 0.2654935960450572
3 0.8533718307598255 0.40260874177900136 0.059086448050835474 0.1664333831718224
3 0.9283991042987758 0.3989267308832381 0.05300008928453721 0.17537134059717552
3 0.9838097585214166 0.38768894610226134 0.03238048295716674 0.14960651609154335
5 0.3217848656628615 0.37564023030216037 0.03875458279171564 0.07449725544788173
5 0.5911524744291595 0.3474177692705111 0.03217730032431163 0.055310212873234656
3 0.6987525146072013 0.4173317955015131 0.06615465421934559 0.21374542574646935
5 0.712904743503883 0.3318641890648958 0.022529564934808198 0.03902964901126431
5 0.7520354273512588 0.3330389229733524 0.025709112012708958 0.04237317029858776
5 0.9091621347375849 0.32752697828534805 0.014498876623205348 0.025983345792955602
5 0.9279257715070603 0.3269971005614072 0.01611592370110628 0.029217606436617416
5 0.9943770886756294 0.3269863928839526 0.01124582264874121 0.022749085149293878
5 0.7910842905817836 0.32952615688180903 0.02102161201270878 0.0420453883676025
5 0.8404530450460104 0.33467819660646436 0.012881829545304414 0.022749085149293878
5 0.8522399788933864 0.3377649917790014 0.012827282467404189 0.01962408514929388