3 0.4484375 0.471875 0.128125 0.275
3 0.1578125 0.51953125 0.23125 0.36484375
5 0.15234375 0.37109375 0.0421875 0.06484375
5 0.03203125 0.36875 0.03515625 0.06015625
5 0.43984375 0.359375 0.0234375 0.05
3 0.659375 0.48203125 0.10546875 0.25
5 0.67578125 0.37734375 0.0234375 0.04140625
3 0.59375 0.45859375 0.09296875 0.21640625
5 0.596875 0.36796875 0.01875 0.0375
3 0.734375 0.45625 0.0703125 0.18515625
5 0.73359375 0.38046875 0.01640625 0.02890625
5 0.76953125 0.37734375 0.015625 0.02734375
5 0.8671875 0.37578125 0.01640625 0.02734375
3 0.94453125 0.44296875 0.05390625 0.16015625
5 0.94921875 0.37734375 0.015625 0.02734375
3 0.8359375 0.46484375 0.0609375 0.20234375
6 0.83359375 0.37890625 0.015625 0.02890625
5 0.053125 0.36875 0.025 0.05390625