3 0.39296875 0.54453125 0.20078125 0.40390625
3 0.63359375 0.60390625 0.21015625 0.47890625
3 0.928125 0.471875 0.05390625 0.17109375
3 0.728125 0.471875 0.07734375 0.19765625
3 0.8078125 0.48359375 0.0671875 0.22109375
3 0.97890625 0.465625 0.0421875 0.16015625
3 0.54609375 0.503125 0.11171875 0.3125
5 0.3890625 0.38046875 0.03984375 0.075
5 0.65234375 0.40546875 0.04921875 0.07890625
5 0.53203125 0.37890625 0.0328125 0.06015625
5 0.928125 0.40234375 0.01796875 0.03359375
5 0.8078125 0.38984375 0.01875 0.03359375
5 0.98671875 0.40234375 0.01640625 0.02734375
5 0.5 0.378125 0.0203125 0.04609375
5 0.5484375 0.38515625 0.02734375 0.05625
5 0.71328125 0.39453125 0.01875 0.02734375
5 0.73203125 0.39765625 0.01640625 0.02265625