3 0.147864892045034 0.42649213636243816 0.24366366902916287 0.3195251160698987
3 0.39346158698781675 0.6216172702892442 0.4004490993170927 0.5985149610364789
3 0.6871696190660748 0.5297606014561067 0.1438453392949434 0.24754893019392785
3 0.8651246383444061 0.5477271716659207 0.10682739820967199 0.1813511858759707
5 0.46060472393872176 0.4037945706135558 0.0805466980251019 0.11221935633066593
3 0.32572097933739264 0.5070268904196278 0.20804514651162886 0.3969410040571898
5 0.39582033313030546 0.3651218084386911 0.05490634793281668 0.07743525324641087
5 0.17074928439460976 0.3134836217519415 0.04785531153562213 0.06482615909060954
3 0.27290566240309955 0.46465242978689075 0.21405531461794114 0.36895237175194145
5 0.2504169979974152 0.327388209007884 0.03797966378737563 0.056850017856907444
5 0.7116770681709107 0.4402441339235108 0.03425388648947969 0.047420470779006865
3 0.08354608035252829 0.4859705020285949 0.16709216070505659 0.4813160040571898
5 0.3139986366463631 0.3238052873353728 0.044429922886674154 0.06008411201270878
5 0.8828616533038008 0.47842774674699856 0.023877590992986343 0.03163182954530477