3 0.19296336319277346 0.5456853934867079 0.24872924904859786 0.40282618611433296
3 0.36595785281265014 0.50563800486124 0.1712807282883512 0.30053998982323477
3 0.7238141151699398 0.5828610826532585 0.26556392197629125 0.4333325576656305
3 0.5583363538012334 0.5203976249421995 0.1559740632693231 0.3075336182719372
3 0.9618977873190149 0.48465703527593507 0.07620442536197025 0.16618492198083884
5 0.17953358007523712 0.38828565128862397 0.04674234882113639 0.07573034034363299
5 0.31787849707143156 0.39709516451760696 0.03504084486680377 0.05640713025772479
5 0.35431074558855674 0.3919882626631562 0.031915844866803676 0.05624335594746528
5 0.7044062460828483 0.41267473541222055 0.04530718281352506 0.07877345318850329
3 0.8594240099230127 0.4862837330373714 0.07983337452429921 0.1990793091359686
3 0.4805960143716371 0.4874789043408416 0.11254771543676992 0.2366545522385636
3 0.8012122619001791 0.4925879647200057 0.09003604547482595 0.219883132066747
5 0.4799328280980708 0.3946739286511012 0.025092841901054187 0.041853307326946254
5 0.5463390780980708 0.39815413274411565 0.03178851087441501 0.05311835594746528
5 0.6471203280980709 0.4034358542499846 0.020214340912470874 0.03692014586155708
5 0.9620277450942651 0.4214986160086296 0.018460839923887917 0.03215075870642714
5 0.8506127426228073 0.40396587799441724 0.01683467292769336 0.03050637155129756
5 0.7921781601132932 0.4048013596770515 0.02333934091247105 0.03708392017181654
5 0.728083826615196 0.40066273631673177 0.018460839923887917 0.03215075870642732