3 0.1203125 0.56484375 0.2390625 0.42890625
3 0.553125 0.49140625 0.10078125 0.24609375
3 0.73515625 0.50703125 0.0859375 0.225
5 0.09921875 0.38359375 0.0421875 0.07109375
5 0.5484375 0.390625 0.0234375 0.04140625
5 0.73125 0.41484375 0.02109375 0.03515625
3 0.87109375 0.5 0.06484375 0.19140625
3 0.9625 0.478125 0.05546875 0.13984375
5 0.871875 0.42109375 0.01640625 0.03359375
3 0.9140625 0.48671875 0.05078125 0.16875
5 0.90859375 0.41328125 0.01328125 0.02265625
3 0.8390625 0.47890625 0.0390625 0.15234375
5 0.84921875 0.41875 0.01328125 0.02890625
5 0.95703125 0.421875 0.01171875 0.025
5 0.99296875 0.41953125 0.01328125 0.02265625