3 0.40436909539827626 0.4793311289844485 0.11203837946721476 0.22596120248167448
3 0.20068036269848188 0.5468853436992687 0.2587064269192072 0.46057613912390727
3 0.6911342663488034 0.519638326774546 0.11216571345960347 0.2290862024816745
5 0.04151231524648952 0.31139632190774214 0.04004667984777566 0.06512225544788164
5 0.19016999113993246 0.3654168224119452 0.05174818380210837 0.0846370799535138
5 0.39839632661519603 0.3901047380189559 0.02340300790866543 0.03902964901126431
5 0.68809549657714 0.425942957096377 0.023275673916276673 0.03590464901126431
3 0.7673320104173044 0.496921728635802 0.07470020555093804 0.18907320767745456
5 0.7612146615961679 0.4232657073484784 0.017025673916276674 0.035467606436617415
3 0.8592475963868594 0.5158134762900135 0.09345020555093839 0.19038433540139543
3 0.9739667057980839 0.5163047852083053 0.05206658840383227 0.15996486188449896
5 0.8662841635733344 0.4399611704738147 0.01677100593149916 0.029217606436617416
5 0.8825630795809456 0.43798340723226287 0.01677100593149916 0.029217606436617416
5 0.9939044975471326 0.4528814235759079 0.012191004905734815 0.025983345792955602
5 0.6672418271094875 0.41124131872877434 0.01026633794672147 0.022530563861970342