3 0.21612653239192037 0.48285664944600404 0.23970895725634717 0.38659804420664745
3 0.42666912265280404 0.5431479771052534 0.21959644515609864 0.42038201082055265
3 0.5756651588553534 0.5005249049227873 0.15649648145684392 0.3154384465556454
3 0.7225447040348932 0.49703252890025534 0.11231014422102241 0.2391654515702104
3 0.8632060654712117 0.4991907593042141 0.09181583703943019 0.20732441818411548
3 0.9491435654712117 0.49669023343996654 0.07130334913967858 0.17235838479802065
5 0.22775840309981685 0.33327418659302255 0.04104315651766246 0.07305706677218975
5 0.4499697463857627 0.3846307834526018 0.04734769867214013 0.08261392319868044
5 0.5757737222834617 0.38487717286947604 0.03469316256778647 0.05568771034569897
5 0.7117884903356385 0.3942030455933028 0.02209316861791084 0.038136497492717504
5 0.7321509873105765 0.40220576220720794 0.02522725897699054 0.039789925705962806
3 0.7802526649054776 0.47738160695521614 0.06823289129415606 0.18164245658477524
5 0.7837453035673552 0.40617419668865945 0.02051248789975162 0.03496603338609479
5 0.861161776439992 0.4164237234108367 0.02208407825883114 0.0365739974927175
5 0.9542123396717086 0.4277811090667871 0.018922716822512696 0.030233069279472245
3 0.9825362858097659 0.4886360410409562 0.03492742838046823 0.1510911385589445
5 0.9667441559284871 0.4328861462138057 0.01418976502711473 0.022284176959604097
5 0.8729214330558502 0.4231139926111666 0.01427157825883114 0.0363466769596041