3 0.5293129223330351 0.5221123629058441 0.22090778855940538 0.3846790227450791
3 0.6285961597191634 0.493308812658175 0.15636908420556886 0.2787158130679506
3 0.15350196751586237 0.5192122646823084 0.30700393503172474 0.5740754706353831
3 0.7524776038213807 0.5195180940897064 0.11966769237293687 0.2551669971045158
3 0.8400048856725462 0.5146614660917784 0.11070935462398879 0.22199062406898662
5 0.14210313212916711 0.308493088503626 0.07073414065150563 0.10469180810555186
5 0.5569617510963083 0.3780883811028091 0.04911211179556503 0.06624573821317573
5 0.6580058959241653 0.3882017816409284 0.03455853847458741 0.05152826674922304
5 0.7708134307705555 0.41882673532220077 0.02954365626060227 0.04193494292790549
3 0.9538218490120574 0.5163801697730508 0.05819942431676957 0.14778683664159917
5 0.8563417030030742 0.4265428819313787 0.023129965153609787 0.03695634449948208
5 0.6697866441100666 0.4305519474805285 0.024637901451278844 0.03546661910658777