3 0.196875 0.56015625 0.25859375 0.4375
3 0.58359375 0.48515625 0.09375 0.24140625
3 0.74375 0.50859375 0.09296875 0.2625
3 0.96640625 0.475 0.05859375 0.15859375
3 0.8953125 0.47578125 0.05625 0.175
3 0.8234375 0.48359375 0.08125 0.21484375
3 0.3359375 0.50859375 0.1453125 0.29140625
5 0.1984375 0.378125 0.0421875 0.07265625
5 0.2984375 0.38828125 0.03203125 0.05
5 0.3359375 0.396875 0.02734375 0.05625
5 0.57890625 0.38671875 0.02265625 0.04375
5 0.7453125 0.40078125 0.025 0.04765625
5 0.81953125 0.39921875 0.02109375 0.03984375
3 0.0953125 0.50390625 0.1328125 0.29609375
5 0.115625 0.38359375 0.03203125 0.05390625
5 0.7859375 0.39140625 0.01875 0.03359375
5 0.96953125 0.41015625 0.015625 0.02734375
5 0.8984375 0.40390625 0.015625 0.03125
5 0.3546875 0.37890625 0.02265625 0.04609375
6 0.16484375 0.375 0.015625 0.03359375