3 0.12688505207667827 0.5697461087069682 0.2440441853914519 0.4378660504177418
3 0.5588430294000424 0.5139443666528145 0.1028726507001803 0.2509496877564411
3 0.7410560927354968 0.5369865717094612 0.08855561203054414 0.2285016847906915
5 0.10368226738540669 0.3876366042583439 0.04302384134309047 0.07359400889724857
5 0.5529828333863612 0.4129721156642314 0.023910214672181594 0.041580004942915846
5 0.7360771440563155 0.44463990421897526 0.022274989337999783 0.035266337946721474
3 0.8769117767345425 0.5354943503783732 0.067843122692544 0.1932990138401644
3 0.9680634880649063 0.5173438696557452 0.05788632001909022 0.14291701186299816
5 0.8767748693904973 0.45661993387647043 0.016024989337999784 0.03501166996194396
3 0.9197259853994062 0.523963942773719 0.051963584022907836 0.17078734387822045
5 0.9134027127227702 0.4503036082870386 0.012754538669636162 0.022384335969555025
3 0.8446350787316789 0.5130954269563882 0.040844270687453485 0.1547166749048598
5 0.8540913473901792 0.45335301243165177 0.012827264003817973 0.028634335969555204
5 0.9619402100572699 0.46087103516906486 0.012790901336727245 0.025509335969555024
5 0.9957365843610668 0.4599916260815357 0.008526831277866265 0.022384335969555025