3 0.290625 0.46640625 0.12109375 0.25
3 0.63046875 0.49140625 0.1046875 0.26640625
3 0.14140625 0.57109375 0.265625 0.48984375
3 0.76171875 0.57109375 0.175 0.41484375
5 0.14375 0.36640625 0.04609375 0.08359375
5 0.28671875 0.36796875 0.02734375 0.04609375
5 0.634375 0.38671875 0.028125 0.05390625
5 0.77265625 0.39765625 0.0375 0.07109375
5 0.846875 0.39140625 0.01875 0.02890625
3 0.84765625 0.46953125 0.0625 0.18515625
3 0.978125 0.43984375 0.04375 0.125
5 0.01796875 0.365625 0.03203125 0.06640625
5 0.04375 0.36875 0.02734375 0.05390625