3 0.30657074309684584 0.5451016465571373 0.2786854764577543 0.4891270205032381
3 0.5479536736978108 0.49055052269585475 0.16304901947846523 0.3055109339354164
3 0.7015832341683922 0.5141095298674309 0.12245129301741571 0.3056547776748143
3 0.8231718620094135 0.4934473110856241 0.09792285145940198 0.2423363221398514
3 0.939455381084137 0.48235106526197535 0.07314894805083512 0.16495536660488846
5 0.31345416842280505 0.35724698249198683 0.057804591720169364 0.09102679328391083
5 0.5653712244291594 0.36877472641671905 0.028997753246410872 0.05098214664195542
5 0.6741558892018118 0.37592004910472454 0.024119338473758488 0.03988095553496276
5 0.7017996481302655 0.3921526843139346 0.032122753246410875 0.05109127404661713
5 0.8237291952081662 0.39102171553212783 0.02401024431795733 0.03363095553496285
5 0.5880371570587194 0.4133233345840871 0.02406479139585791 0.03675595553496289
5 0.9421752321397973 0.4142459060061482 0.014444329545304769 0.02236607332097762