5 0.36796875 0.6859375 0.3328125 0.628125
3 0.6625 0.5 0.0890625 0.23359375
3 0.8890625 0.49140625 0.065625 0.175
3 0.79921875 0.47578125 0.06328125 0.18359375
3 0.978125 0.48515625 0.04375 0.15234375
5 0.39296875 0.43125 0.0625 0.11875
3 0.3 0.503125 0.1265625 0.2625
5 0.2890625 0.40625 0.03203125 0.06640625
5 0.31953125 0.40078125 0.03046875 0.05234375
3 0.46953125 0.52578125 0.103125 0.3
5 0.44609375 0.40859375 0.03515625 0.0625
3 0.06484375 0.50078125 0.128125 0.2625
5 0.66015625 0.40078125 0.0203125 0.03515625
5 0.79765625 0.40078125 0.01640625 0.03125
5 0.88828125 0.41640625 0.0140625 0.025
5 0.9890625 0.425 0.0140625 0.02890625
5 0.01953125 0.39375 0.0328125 0.04765625