3 0.20157003770784296 0.6381504815550397 0.37512922008582716 0.5847578368430382
3 0.4107590034310693 0.5526134782353901 0.20234801190416948 0.36977721057599683
3 0.6268099743500757 0.5030685170702182 0.1078117720436282 0.22397383118569744
3 0.7721224743500756 0.5039139204646226 0.09799972946898113 0.21766928903121968
3 0.8385122988557079 0.4933582155459665 0.0719728250098349 0.1581670240041051
3 0.8891296578902151 0.4959974022160541 0.07251912822814396 0.1659795240041051
3 0.562353990441619 0.4636151316297945 0.07553486758448216 0.1644352047222643
3 0.7004495701430312 0.48942871876742033 0.08720434110137862 0.19730224687674197
5 0.14849894007330194 0.4135317557555366 0.08363159084927707 0.12387383723582168
5 0.20418085752189813 0.44433684904148246 0.06578852698730664 0.11439884328594588
3 0.4897305914303548 0.4850765202916719 0.10882796882531949 0.21617042154477706
5 0.49272418747541186 0.3975583395735127 0.024497255447881727 0.037627265027114644
5 0.4014436236134415 0.4064060987468949 0.03718292574646931 0.06269089754067192
5 0.6369987113606255 0.41324749296791713 0.022934755447881726 0.037618174668035034
5 0.5645991874754119 0.39797649609117514 0.016029191585911207 0.028206813231716588
3 0.9467072111085238 0.4885167003224602 0.049551521791526554 0.15022725897699055
5 0.4266239400733019 0.4151498396717086 0.031151447033792933 0.06577953610435347
5 0.6984825145789341 0.4057895169720222 0.019154191585911206 0.02822499394987581
5 0.7791862113606254 0.4140747156441623 0.021372255447881728 0.037609084308955376
5 0.8359061049240081 0.4300360589301082 0.017591691585911208 0.02821590359079611
5 0.8493512458895006 0.42776957698228496 0.015701409654926123 0.023519313231716587
5 0.9650855065331623 0.42687976355417667 0.012576409654926124 0.023501132513557364
5 0.8983514746021772 0.43118092329329294 0.022716234160558103 0.03449317466803503
5 0.19419920616484534 0.3747192406302261 0.03383940445914595 0.0595477168225127