3 0.1640625 0.62109375 0.328125 0.5203125
3 0.621875 0.603125 0.23125 0.45859375
5 0.15234375 0.415625 0.05859375 0.10390625
3 0.3884425484375 0.6759396375 0.3892056953125 0.6407203375 0.37928476718750004 0.5973735078125 0.3624955015625 0.5702817375 0.3411273453125 0.5702817375 0.3334958609375 0.5377716171875 0.3350221578125 0.49577937343749995 0.312890853125 0.47681513593749997 0.3022067765625 0.4334683046875 0.292285846875 0.4375320703125 0.2915226984375 0.4592054859375 0.29915418125 0.48629725468749996 0.2846543625 0.47546054531250004 0.2663388 0.4266953625 0.2808386203125 0.41992242031250004 0.2823649171875 0.34271087968749997 0.24191805 0.34271087968749997 0.23962860625000001 0.4050219484375 0.222839340625 0.4443050125 0.2113921140625 0.50797066875 0.21826045 0.5160982 0.237339159375 0.5011977265625001 0.240391753125 0.5039069046875 0.24420749531250002 0.4822334890625 0.254128425 0.4917156078125 0.25718101875 0.5201619671875 0.26939139375 0.5648633859375 0.26328620625 0.5716363265625 0.2884701046875 0.6190469234375 0.2915226984375 0.6542662234375001 0.32204863437500003 0.6840671687500001 0.3212854859375 0.7043859953125 0.3426536421875 0.7355415296875 0.3594429078125 0.7314777640625 0.37852161875 0.7111589375 0.3884425484375 0.6759396375
5 0.2609375 0.38125 0.04140625 0.075
5 0.3328125 0.37421875 0.02734375 0.04765625
5 0.59375 0.41328125 0.04453125 0.07890625
5 0.6265625 0.440625 0.04140625 0.06640625
5 0.89609375 0.40859375 0.0203125 0.03984375
3 0.9625 0.47578125 0.06015625 0.1625
5 0.91875 0.40859375 0.015625 0.02890625
5 0.96328125 0.409375 0.01640625 0.025