3 0.1875 0.50859375 0.19375 0.35234375
3 0.35 0.47734375 0.140625 0.26875
3 0.571875 0.50390625 0.12890625 0.31015625
3 0.7421875 0.46640625 0.06953125 0.23359375
3 0.840625 0.46015625 0.06796875 0.2
3 0.97578125 0.44296875 0.0484375 0.14765625
5 0.17734375 0.36953125 0.034375 0.05859375
5 0.3484375 0.36484375 0.028125 0.04609375
3 0.646875 0.47421875 0.09140625 0.23359375
3 0.496875 0.48046875 0.1 0.27265625
5 0.503125 0.36328125 0.02265625 0.04140625
5 0.98515625 0.38203125 0.0140625 0.02734375
5 0.7484375 0.36875 0.02109375 0.03515625
5 0.65078125 0.38203125 0.025 0.04765625
6 0.571875 0.37265625 0.02578125 0.04765625
5 0.83671875 0.37734375 0.01796875 0.03359375
5 0.8671875 0.37265625 0.0140625 0.02734375
3 0.1015625 0.45234375 0.090625 0.25625
5 0.11640625 0.34765625 0.02734375 0.04765625