3 0.14332439305917957 0.584375 0.28664878611835914 0.51875
3 0.38756180405148793 0.52421875 0.2155364267548756 0.35625
3 0.6272798679134584 0.51484375 0.14630582551403837 0.3046875
5 0.12880915294653666 0.38125 0.05611859604505716 0.0875
5 0.41162165294653663 0.38125 0.04666718639013112 0.0640625
3 0.9331528094993697 0.48671875 0.07219134629715854 0.1609375
3 0.7733243414303548 0.48203125 0.07964321337743777 0.178125
3 0.8564264185338768 0.4890625 0.08251684110137844 0.196875
5 0.6391457194063971 0.38984375 0.03329310124083733 0.0515625
5 0.6951225677972428 0.39375 0.03140281930985207 0.046875
5 0.8627253310387946 0.41015625 0.019154191585911206 0.028125
5 0.9424292565331625 0.42109375 0.017591691585911208 0.028125