3 0.3296875 0.55625 0.19375 0.39375
3 0.103125 0.55078125 0.20625 0.38359375
3 0.62890625 0.51953125 0.1046875 0.25859375
3 0.75859375 0.490625 0.0765625 0.20625
3 0.525 0.50859375 0.11015625 0.2375
3 0.86640625 0.59765625 0.1609375 0.39765625
5 0.0859375 0.39375 0.0390625 0.06484375
5 0.1265625 0.37734375 0.03515625 0.0625
5 0.3296875 0.39921875 0.03671875 0.07109375
5 0.2765625 0.40390625 0.02734375 0.05234375
5 0.24375 0.40234375 0.028125 0.05
5 0.88828125 0.43359375 0.0390625 0.07734375
3 0.9453125 0.48359375 0.06328125 0.15859375
5 0.6328125 0.41484375 0.028125 0.04765625
5 0.75625 0.40625 0.0203125 0.03359375
5 0.94609375 0.41875 0.015625 0.02265625
5 0.5015625 0.4125 0.025 0.04375
5 0.52578125 0.41015625 0.0234375 0.04140625
5 0.865625 0.40625 0.0140625 0.02890625