3 0.19678655806535514 0.5628253058566083 0.2552066922292325 0.3710782191310198
3 0.438029181601922 0.6036018713241549 0.3795532281371942 0.5337973043862702
3 0.602001298891973 0.49340907903521397 0.14840218032537572 0.2701973925821967
3 0.7310711753554061 0.4720397693334185 0.12802604781181834 0.2581953595655099
5 0.11463765427816723 0.44442278663473134 0.044131795081343926 0.06791784034363317
5 0.1670723078689634 0.4315410063315781 0.044140885440423536 0.069480340343633
5 0.40084331987101596 0.4133143860234759 0.06305451190385672 0.09858798620519008
3 0.8977637716664141 0.4315420013547371 0.09635789129415606 0.18468261646291478
3 0.7812529825369985 0.4434101582975705 0.09962833703943001 0.2098463907731744
3 0.5387564103282914 0.483842649252459 0.10447037314378349 0.23665455223856355
3 0.3361899465308408 0.5115195126631561 0.12493740924813697 0.26428158525525036
5 0.3414865005891752 0.40707767412854545 0.03310339149054773 0.05171963025772475
5 0.7136887535160414 0.3703168170494263 0.026798849336070064 0.042017081637205765
5 0.5322569463344491 0.39206790705437516 0.025254530054229285 0.04506019448207601
3 0.6944615096643615 0.4513654211878693 0.07446471057599666 0.18041119629109836
3 0.6570160518188392 0.44002512946475536 0.08691016842151918 0.17169129353213636
5 0.6370717113615637 0.3756793464480685 0.020521578258831143 0.03700203301668683
5 0.8887932926454571 0.36151942842395857 0.022074987899751618 0.03552142017181659
5 0.5908779674116879 0.39045117537174084 0.026807939695149587 0.043579581637205766
5 0.5722006902843249 0.3769685295101838 0.020494307181592397 0.03231453301668683
5 0.7598506812091386 0.361013738125754 0.02519998789975162 0.0356851944820761
5 0.6917637565411036 0.3777641468776098 0.018922716822512696 0.030670145861557075