3 0.1328125 0.53828125 0.2515625 0.425
3 0.62421875 0.6 0.2203125 0.45859375
3 0.475 0.50390625 0.13984375 0.31875
3 0.85 0.46328125 0.071875 0.19609375
5 0.13203125 0.36875 0.04609375 0.07890625
5 0.6359375 0.415625 0.04453125 0.0875
5 0.09765625 0.36015625 0.0296875 0.05625
5 0.36796875 0.36875 0.02578125 0.04765625
5 0.4140625 0.35859375 0.01875 0.03515625
5 0.48125 0.37578125 0.02734375 0.05234375
5 0.5359375 0.36640625 0.0203125 0.0375
5 0.85 0.38203125 0.01796875 0.03359375
3 0.57578125 0.45703125 0.084375 0.20859375
5 0.5828125 0.371875 0.01796875 0.03515625