3 0.41801085275344646 0.47208420341564594 0.17616828813517144 0.27077060266810504
3 0.9406135643661735 0.4473708926977976 0.1187728712676531 0.3745573439616777
5 0.3929947912372646 0.37224465569963805 0.03296531930985207 0.04843085594746528
3 0.5092681359375 0.5834724328124999 0.5189725390625 0.5917997890625 0.5328841953125 0.6465893703125001 0.5537326234375 0.6779534968750001 0.5780295328125 0.68201531875 0.5903103453125 0.6620711625 0.5940426000000001 0.6416389609375 0.6103489625 0.6335428171874999 0.6118093375 0.6286111437499999 0.60410256875 0.623323275 0.60880896875 0.5761161828125 0.59384184375 0.5562045125 0.5923416625 0.52995703125 0.6395261421875 0.5291403046875 0.63845161875 0.5131979734375001 0.6327632390625 0.4913085125 0.6299047578125 0.4422486015625 0.6091774625 0.43396061093749994 0.6030219125 0.44104817343749997 0.596603346875 0.42162455000000004 0.5844453656249999 0.3941835171875 0.575815484375 0.4017984890625 0.5690923921875 0.395145853125 0.5701573890625 0.385678065625 0.5738688875 0.38488694687499997 0.5727035140625001 0.3516375125 0.558466575 0.3292600078125 0.5408927609374999 0.331850821875 0.53451400625 0.34360635156249997 0.540202384375 0.36549581249999996 0.5493184890625 0.37972405625 0.54662095 0.384919434375 0.5377678640625 0.3972023765625 0.54175190625 0.4483325671875 0.5473286828124999 0.4725560125 0.534957021875 0.4751930671875 0.5248667671875 0.48773971562499996 0.493572521875 0.49556527499999997 0.4837357578125 0.5092129875 0.48824753593750003 0.542904221875 0.4987634484375 0.540662725 0.5130817078125001 0.5549372124999999 0.5092681359375 0.5834724328124999
5 0.45293251994994116 0.36596700022714257 0.029075494804219913 0.03732958163720586
3 0.61736254375 0.6691457359374999 0.627032765625 0.7076170796875 0.647835809375 0.7379250609375 0.669579946875 0.7405281953125 0.685821634375 0.7298282703125001 0.6931802640625 0.7123362453125 0.6977936359375 0.704114928125 0.7819370906249999 0.67749395 0.7953316109374999 0.6862196046875 0.807735146875 0.6835757546875 0.8240787484375 0.6627209625 0.8232536343750001 0.6238118484374999 0.807585471875 0.5663526937500001 0.786222975 0.5477447 0.7826905578125001 0.52533616875 0.7565628828125 0.48603000312500005 0.768750653125 0.471851409375 0.7613421328125 0.4502690828125 0.74981573125 0.4425928234375 0.7450126 0.4146647828125 0.732748928125 0.41438363593750005 0.7319097453125 0.4319336140625 0.7105212375 0.4379402328125 0.695360509375 0.41801030937499994 0.6851687828124999 0.3984688265625 0.6828431203124999 0.3989645484375 0.6731349468750001 0.35326333125 0.65578841875 0.33090413750000003 0.6357725375000001 0.33227539687499996 0.626583740625 0.3559478984375 0.63120905625 0.3795710671875 0.6188174625 0.41405939687500004 0.6268613390625 0.43840147968750004 0.63789011875 0.5286965609375 0.591338909375 0.5313811281249999 0.5925456625 0.5542853796875 0.6094346500000001 0.5781896921875 0.60391813125 0.6213457265625 0.6087852234375 0.6318890296874999 0.600409596875 0.6626261625 0.604399553125 0.683489571875 0.612889034375 0.67444205625 0.61736254375 0.6691457359374999
5 0.5575107593062795 0.35891806083344924 0.04499542574646931 0.06462906603337357
5 0.654243647673882 0.3742354443705344 0.06080609604505725 0.0903660504295413
3 0.8230145921875 0.46773882499999997 0.82207249375 0.44873621249999995 0.7988928265624999 0.4013040484375 0.7955134546875 0.399405721875 0.7985025140625 0.380438053125 0.7938436953125 0.366592084375 0.79251848125 0.3459253671875 0.781767128125 0.34821705000000003 0.7817514437499999 0.3630594015625 0.7613065421874999 0.355196934375 0.753865909375 0.34630832968749997 0.7505407890625 0.3190848359375 0.7425869375 0.301576796875 0.731176578125 0.303136065625 0.7249539375 0.3123183859375 0.7275513953125 0.3257308578125 0.7298958468750001 0.3444345546875 0.7190830421875 0.35284951875 0.7222009218750001 0.394083315625 0.7267525171875 0.405333490625 0.7331582296875 0.4310274640625 0.7229586640625 0.4314557671875 0.720176846875 0.43641313437499996 0.73424611875 0.4421430578125 0.7377941640625 0.44051389687500003 0.7372966296875 0.417052109375 0.747135965625 0.41931923906249996 0.7488442953125001 0.44165006250000005 0.7610666515625 0.452138075 0.77016984375 0.4746384234375 0.758169128125 0.48854389062500003 0.7812801421875 0.5228974453124999 0.7853486046875 0.5490896109375 0.79049055625 0.5479935890625 0.79431449375 0.5454327390625 0.8110354781250001 0.5392499625 0.8197941249999999 0.5496033921875 0.83288273125 0.5468135171874999 0.8335116515625 0.523984503125 0.8259565999999999 0.493298215625 0.829160096875 0.47952213749999995 0.8230145921875 0.46773882499999997
5 0.7395202299731842 0.3266400701057034 0.03474634059717552 0.051637743102595036
5 0.9549431341802286 0.30123619912023275 0.048448207677454745 0.06948034034363308
5 0.9177873416055817 0.2969105472657819 0.0274037341605581 0.0356851944820761