3 0.18267252275617768 0.6573386906429102 0.35752707208781415 0.6509476187141796
3 0.6449623427354968 0.4995950845799131 0.11421014003818009 0.2825408746817265
3 0.8816452774108601 0.5609122032145509 0.179290794716725 0.37078630935708984
5 0.10543567138763388 0.39882730398631877 0.08417610001590835 0.11815111067790855
5 0.6412459020528157 0.38165360658023123 0.023946577339272322 0.044022720003181706
5 0.88694021005727 0.41161163721359645 0.03664657200827222 0.06135567067154528
3 0.8310629273949516 0.4442974152212324 0.05834085335772628 0.180342028007636
5 0.8333424953850885 0.3716048025541415 0.015988626670909056 0.03143181333545444
5 0.9200430640515431 0.36903323854236936 0.019095445337363515 0.029905676002545345
3 0.969314716024817 0.43486677653568784 0.061370567950365995 0.1616465720082724
5 0.9645834047183157 0.36929632053632416 0.0175511266709087 0.03144999466899989
3 0.44732372672658816 0.43626093260663906 0.08010676535645356 0.17122156667727215
5 0.4473140887173613 0.3682830919398664 0.01911362667090888 0.031468176002545346
5 0.8786095420512249 0.36717129388132363 0.014335220003181704 0.023601132001908987