3 0.2077489097629865 0.47406252649368785 0.2393599728332642 0.3565129279449666
3 0.43414971523381995 0.5756424177781657 0.35843989399541704 0.50898814191745
3 0.6223932912218754 0.5135219076113646 0.13568815254479177 0.262341287293461
3 0.7546063791777782 0.5259450404583219 0.116683579406528 0.2507490228654907
5 0.15701959830822945 0.34036708357259676 0.042116071238402816 0.06548115626060227
5 0.2116889145126392 0.3414955631541767 0.04058993882958335 0.06698909255827142
5 0.4453378691097919 0.38556305480147424 0.05995818787965277 0.09420635698624169
3 0.9280256953821879 0.531220361417047 0.08848453780340293 0.17950893992586625
3 0.8104927032659728 0.5122843337422328 0.09062891926229204 0.2045635036281972
3 0.5632540273541671 0.48803826877395756 0.09437216831236128 0.23123513103285873
3 0.3581119324644101 0.46135917376861546 0.1121779173624308 0.25839783175849823
5 0.38861509042444475 0.3632862615175634 0.030814895326597293 0.04947421034428627
5 0.762398735751042 0.42473720452347247 0.02434668977951393 0.03988095553496294
5 0.5799128908612851 0.3988492832019278 0.024455792553055567 0.04456845553496276
3 0.7234830125365281 0.49675604826287023 0.06657317021222227 0.17718254809323425
3 0.6902341014423615 0.4768602105139223 0.078854964665139 0.1682440577118811
5 0.6855634788171878 0.4103448331092606 0.017987587005972295 0.03497520072563946
5 0.9365635875746531 0.46204377548219744 0.02107621941479181 0.033521828130301044
5 0.6379799639995489 0.41180564018816945 0.02598192496187508 0.043060519237293704
5 0.6227543542921531 0.39488103501602634 0.01944098423243048 0.030342264427970278
5 0.8101095371378129 0.42874514744456355 0.024201219414791718 0.03363095553496294
5 0.7397970371378129 0.4262897808396751 0.017842116641249996 0.02872520072563951