3 0.29056818580905347 0.6697903486200282 0.47434225226891397 0.6604193027599436
3 0.5334391107992182 0.5204053721556832 0.1975076925943174 0.3249296363624381
3 0.8100291079492266 0.4698322223972693 0.10748399011264302 0.22035913879807012
5 0.25680591896120547 0.4141381866867496 0.07694454827463008 0.11838753571381493
5 0.5169950199499411 0.3968315044609316 0.04386996832111638 0.06943183847375849
3 0.9395091583175438 0.4244942232080482 0.06630197921687966 0.1447318474022122
3 0.09592268530485036 0.523692644480113 0.1402743468013618 0.3098852889602259
5 0.7975512512605076 0.38066062824146796 0.02605975544788173 0.03790910308425506
3 0.980331628228144 0.41845845737973564 0.03933674354371206 0.14168866801906327
5 0.9932495683890593 0.36224936768816113 0.013500863221881331 0.026807961850553053
5 0.938028785789383 0.3698476335164737 0.017482430942249393 0.026835235389503432