3 0.7462622470653393 0.6123549131445041 0.24955032849760173 0.46009556899199777
3 0.5892531785898868 0.5003616534052714 0.1611515576781109 0.32276711850553064
3 0.16550599552417983 0.4516051846581547 0.18999844848652714 0.2858125892845374
5 0.7499718306570701 0.4266901485340074 0.05324371838316751 0.07584547970746058
3 0.8704438193983031 0.4678118007247581 0.07916347316352912 0.1637000357138149
3 0.9391134762458485 0.4799356996690979 0.08883886181247717 0.16855117694751698
3 0.6915783397563688 0.4287923908233696 0.056147475322997666 0.12115797970746059
5 0.5809424259689931 0.3706741534052714 0.03611677513842757 0.05213524431795715
3 0.06782995912698526 0.4374142252432337 0.09520758019564476 0.2435784504864674
5 0.05922811227390268 0.3397170649348082 0.029466256939830314 0.04577615016215582
5 0.12500330659837666 0.3432063035707224 0.027703497840531676 0.04262387662320553
5 0.14892166794942868 0.3389415434244527 0.031529404688076926 0.05361592370110611
5 0.8661883135382069 0.4014055507247581 0.019089961443336988 0.02998750892845372