3 0.134375 0.56171875 0.26875 0.45234375
3 0.4140625 0.52265625 0.16875 0.31484375
3 0.68984375 0.51796875 0.1 0.27265625
3 0.81015625 0.57578125 0.1640625 0.36640625
5 0.0921875 0.38515625 0.046875 0.08359375
3 0.2265625 0.48828125 0.175 0.29609375
5 0.2109375 0.37109375 0.034375 0.05859375
5 0.41796875 0.39140625 0.028125 0.05390625
5 0.790625 0.42890625 0.0375 0.07265625
3 0.61953125 0.49609375 0.06953125 0.23984375
5 0.6234375 0.39921875 0.02109375 0.03984375
3 0.5140625 0.48984375 0.08828125 0.23984375
5 0.50390625 0.39296875 0.02265625 0.04609375
5 0.67734375 0.40625 0.02109375 0.04375
5 0.69375 0.41328125 0.01640625 0.04765625
3 0.8796875 0.48203125 0.0609375 0.18125
3 0.97109375 0.475 0.0578125 0.1375
5 0.11640625 0.371875 0.04140625 0.07109375
5 0.76796875 0.40625 0.01640625 0.025
5 0.8453125 0.403125 0.0140625 0.02734375
5 0.87734375 0.40859375 0.01640625 0.03515625
5 0.965625 0.41953125 0.0140625 0.02734375
5 0.81640625 0.446875 0.0328125 0.06875