3 0.70859375 0.521875 0.11171875 0.28515625
3 0.8859375 0.56796875 0.16796875 0.37734375
3 0.329644834375 0.45731485781250003 0.3252365078125 0.47209499531250004 0.3071133890625 0.4686173171875 0.3017254359375 0.4764420953125 0.307603203125 0.4981775921875 0.2987865515625 0.52339076875 0.29829673749999996 0.5468651062500001 0.30270506406250003 0.55121220625 0.3071133890625 0.5433874265624999 0.307603203125 0.5790336421875 0.31641985625 0.5972914578124999 0.329644834375 0.6051162375 0.3428698140625 0.5946832 0.34629851093749997 0.5842501609374999 0.35658460625 0.57642538125 0.3771567953125 0.5833807421875 0.384014190625 0.5781642234375 0.38205493437500004 0.5677311828125 0.37519753749999996 0.5729477015625 0.3712790265625 0.57033944375 0.3712790265625 0.5486039453125 0.361972559375 0.5294767078125 0.3624623734375 0.5094800515625 0.387932703125 0.51295773125 0.4158521015625 0.5173048296875 0.4280974515625 0.5112188921875 0.40458637968750005 0.4781809359375 0.398218796875 0.4634007984375 0.406545634375 0.4625313765625 0.40948451874999997 0.4520983390625 0.40507619375 0.45122891875000004 0.40115768125000006 0.44166530000000004 0.40703544999999997 0.43557936093749994 0.4075252625 0.4164521234375 0.3996882390625 0.41992980468749996 0.396259540625 0.43384052031250003 0.3825447484375 0.4286240015625 0.3673605140625 0.3929777875 0.3712790265625 0.36863402968750003 0.3624623734375 0.3486373734375 0.3511966515625 0.3512456328125 0.34482906875 0.36863402968750003 0.3472781390625 0.3895001078125 0.33699204531250004 0.40949676406249996 0.329644834375 0.45731485781250003
5 0.359375 0.37421875 0.02578125 0.04375
3 0.45726597812499997 0.8056259921875 0.4776190640625 0.7984006453125 0.4898309140625 0.7803372828125 0.49932902187500006 0.7743161625 0.5427489359375001 0.7682950421875 0.5997375734375 0.76347814375 0.6146631703125001 0.7791330578125 0.6316240734375 0.7719077125 0.6512987234375001 0.7418021078125 0.6560477765625 0.6912246921875 0.6512987234375001 0.6490768453125 0.6323025109375 0.6274008078125 0.63433781875 0.6093374453125 0.616698478125 0.5587600296875 0.6112709890625 0.5262459765624999 0.616698478125 0.5214290796875 0.6207690953125 0.491323475 0.6099141171875 0.48168968124999995 0.604486628125 0.5057741640625 0.5922747765625 0.4973445953125 0.58345510625 0.5021614921875 0.5888825953125 0.46121786875000004 0.575992309375 0.4576051953125 0.572600128125 0.4768727828125 0.5678510734375 0.4600136453125 0.556317659375 0.4576051953125 0.55835296875 0.4190700234375 0.5542823515624999 0.3949855375 0.5413920640625001 0.3817390734375 0.5217174140624999 0.3841475203125 0.5142546171875 0.3973939875 0.5108624359375 0.42509114375 0.510184 0.4335207125 0.49797214843750004 0.44797140156250004 0.4898309140625 0.46483054218750003 0.49186622343749997 0.48168968124999995 0.4864387328125 0.5358797703125 0.484403425 0.5804360640625 0.46744252187499996 0.5780276171875001 0.4335207125 0.5683938234375 0.42945009531249995 0.5768233921875 0.42605791406250004 0.5960909796875 0.4362344578125 0.6225839125 0.4219872984375 0.66954865625 0.42470104218750004 0.677978225 0.409775446875 0.7092880546875 0.4057048296875 0.7297598671875 0.4199519890625 0.72735141875 0.4280932234375 0.70808383125 0.42605791406250004 0.7598654703125 0.43826976718750005 0.7923795250000001 0.45726597812499997 0.8056259921875
3 0.4343899359375 0.6304927359375 0.4388509359375 0.6314825203125001 0.4394085625 0.6225744609375 0.42769843593749995 0.5978298453125 0.4299289359375 0.5760545875 0.43717806093749995 0.5711056640625001 0.464501690625 0.58199329375 0.48624906875 0.5829830796875 0.48847956875 0.5414121296875 0.49015244375 0.5136981625 0.48569144375000006 0.5067696703125 0.48624906875 0.4800454890625 0.49238294375 0.49192290468750005 0.49461344531250007 0.48400462656250004 0.49126769374999996 0.47113742968750005 0.4957286953125 0.4503519546875 0.48736431874999997 0.42857669375 0.49238294375 0.42461755625000003 0.5029778203124999 0.3879955296875 0.5001896953125 0.3731487625 0.4834609421875 0.3573122109375 0.468962690625 0.3553326390625 0.466732190625 0.3929444515625 0.46952031562499996 0.40383208125000003 0.46784744062500006 0.4147197109375 0.4572525640625 0.42659712499999997 0.4483305640625 0.4859841953125 0.4143154328125 0.5166675171875 0.38476130468749997 0.5166675171875 0.3719359265625 0.5226062234375 0.3719359265625 0.5691260953125 0.3814155546875 0.5810035109375 0.3914528046875 0.5829830796875 0.383088428125 0.6087174765625 0.38922230468749996 0.6166357515625001 0.3903375546875 0.6601862703125 0.39591380468750004 0.68592066875 0.40873918124999997 0.7076959265625 0.427140809375 0.6770126078125001 0.423795059375 0.66909433125 0.4343899359375 0.6304927359375
5 0.41875 0.378125 0.025 0.03984375
5 0.4828125 0.39140625 0.034375 0.06875
5 0.7125 0.40234375 0.03046875 0.04609375
5 0.53515625 0.42421875 0.04609375 0.08515625
5 0.87265625 0.41328125 0.034375 0.06484375
5 0.91171875 0.40625 0.01875 0.03359375
5 0.9328125 0.40546875 0.01640625 0.02734375
5 0.89765625 0.43984375 0.02265625 0.04765625