3 0.3881669027291335 0.4690663098392364 0.12136811203054396 0.22776393692972227
3 0.18851289540895105 0.5612680743725349 0.2756578120623608 0.4656665932742364
3 0.6748947433959062 0.4765210128208686 0.12140447469763486 0.2308889369297223
5 0.02273171204645241 0.3426239110941667 0.03826361600890868 0.06649782218833336
5 0.17077886071767948 0.37965439846072935 0.05566929201145401 0.0856478656913195
5 0.3785459073838159 0.3805850380877434 0.02545453333863614 0.03964438145888884
5 0.6683351133831795 0.38264372625173665 0.023837489337999784 0.03492051386770836
3 0.7495038447246791 0.4446729071975353 0.08188744135899881 0.19091724715020847
5 0.7408368220480432 0.3710535692416325 0.019149989337999784 0.03481141109416672
3 0.841764070058861 0.45306859507718816 0.10063744135899881 0.19135365824437506
3 0.9595419160566336 0.4394080982113202 0.0659169960216353 0.1608660712384029
5 0.8455515940483614 0.3758339478507299 0.017514764003817972 0.02852504350298606
5 0.8619123907144978 0.3723095575581257 0.017514764003817972 0.028525043502986146
5 0.9744033000477252 0.3741467741231258 0.01593408267027243 0.026926175911805572
5 0.6471050033815887 0.3704340137707992 0.011192038669636162 0.022129573138263935