3 0.3859375 0.45234375 0.103125 0.21875
3 0.17890625 0.534375 0.240625 0.44375
3 0.671875 0.47265625 0.103125 0.22109375
5 0.02890625 0.309375 0.0375 0.0625
5 0.17578125 0.353125 0.0484375 0.08125
5 0.38359375 0.36328125 0.02265625 0.0375
5 0.67265625 0.37890625 0.02109375 0.03359375
3 0.74921875 0.44453125 0.0671875 0.18515625
5 0.74609375 0.37109375 0.01640625 0.03359375
3 0.840625 0.45703125 0.0859375 0.18359375
3 0.959375 0.44921875 0.05390625 0.15625
5 0.85078125 0.38046875 0.015625 0.02734375
5 0.8671875 0.37734375 0.015625 0.02734375
5 0.9796875 0.384375 0.0140625 0.025
5 0.65234375 0.365625 0.009375 0.02109375