3 0.12585096199405343 0.5107182293125464 0.25170192398810687 0.3886647000318167
3 0.3348266951759686 0.4575097712842295 0.1415937787274336 0.23274086935072655
3 0.5352516294050705 0.47469562925686715 0.13523736291418337 0.2576499626829992
3 0.6854259346526248 0.45655306190327716 0.09655429451244935 0.23690111067790856
3 0.8413875083160308 0.43287810988227815 0.08325065770898128 0.19614884134309046
5 0.06790377666129509 0.36224491398790964 0.046737763083592454 0.07861589600572697
5 0.11203320825956106 0.38203015531509177 0.042975726251889515 0.06764203333863605
3 0.9171155504094056 0.41950540587209684 0.07241957352223168 0.17103975334181776
3 0.7570125083160308 0.43385990189373214 0.07838114718563745 0.19296929734245422
5 0.3299032477220999 0.3677841999522749 0.027457142065139984 0.04247840133672707
3 0.6274160135777026 0.4338064525780041 0.08123313140062187 0.18831816000954493
5 0.5367524871987562 0.3685001732575035 0.025894642065139806 0.042460220003181705
5 0.5697469977220999 0.36499336525304915 0.02093412628012441 0.037718176002545345
5 0.6263155161379513 0.35887008724541314 0.02047909997176518 0.029905676002545345
5 0.6863807608762795 0.35973260590391354 0.02396812101845249 0.03619203866963625
5 0.841341276661295 0.3532451538829145 0.0191896157567804 0.034574994668999895
5 0.7770057608762795 0.3586780885582777 0.01891659997176518 0.02988749466899989
5 0.7582557608762795 0.358896264560823 0.02093412628012441 0.037718176002545345
5 0.8187305292921309 0.35272753321932343 0.01570059471009344 0.028288632001908988
5 0.9204295371846388 0.3492019965388695 0.01422909997176518 0.029832950668363535