3 0.45470042206395156 0.49463630709980366 0.1360305960375438 0.28352290818602893
3 0.1637850680696786 0.5215518526681049 0.24179079471672496 0.3811968475797222
5 0.15893284138286137 0.3729505783578454 0.044513616008908664 0.06791784034363299
5 0.038574888048997745 0.3627390174128545 0.03664657200827235 0.06282090456798431
5 0.4463601160486796 0.38176781490171974 0.025581802673454133 0.0513101944820761
3 0.6650203040658607 0.5197126294647554 0.11230219470081657 0.2572946008590826
5 0.6825521547183158 0.41600777532631233 0.02392839600572714 0.043415807326946346
3 0.5998856527291335 0.4913143125268705 0.09942038669636233 0.22382700361804458
5 0.6035186353834977 0.4009349739922598 0.01918635200509069 0.03848264586155707
3 0.7405106527291335 0.49868415648854825 0.07560107869190791 0.18978619629109836
5 0.7404101080521794 0.4229438500661131 0.017532945337363513 0.03058825870642732
5 0.7763203360518613 0.42248350463409745 0.015952264003817974 0.028943871551297563
5 0.8739765860518613 0.42760145182970694 0.017514764003817972 0.029025758706427318
3 0.9505578147278608 0.5003229788534999 0.05812267735518084 0.16388543758467122
5 0.9560441987189522 0.43502552747401885 0.015952264003817974 0.028943871551297563
3 0.8422004220639515 0.5149443215719821 0.06642607336090763 0.20648237336031983
6 0.8404101080521794 0.42818462799441726 0.015970445337363515 0.03050637155129756
5 0.059668638048997746 0.36384449400710617 0.02719884667409056 0.056079581637205854