3 0.2265625 0.64453125 0.3734375 0.6125
3 0.49375 0.55390625 0.175 0.37109375
5 0.1640625 0.38984375 0.0671875 0.10859375
5 0.22734375 0.425 0.06328125 0.08984375
5 0.4953125 0.40078125 0.0390625 0.06484375
3 0.86171875 0.50390625 0.0984375 0.22265625
5 0.87421875 0.41328125 0.02265625 0.0375
5 0.90390625 0.40859375 0.01640625 0.03515625
5 0.91875 0.41015625 0.0140625 0.02890625
3 0.97890625 0.46953125 0.0421875 0.13125
5 0.98671875 0.41484375 0.0109375 0.02265625
5 0.22734375 0.36953125 0.02734375 0.04140625