3 0.6345708520072822 0.5602607927286594 0.27854172848527164 0.47466388396087067
3 0.3435515263240518 0.43219378981547474 0.10476688947037935 0.1869833314853265
5 0.6307985551799924 0.3780398269295263 0.052837312521204535 0.08416216837349921
3 0.5589384241471336 0.4711065584430877 0.12453873084752445 0.30664338410204495
5 0.5685540155242786 0.3520380400272362 0.0348313569862416 0.05972361049510884
3 0.7853124403892023 0.39632855339317735 0.0757887176006804 0.20556673151356133
3 0.875456290752022 0.382502000847046 0.08063990870767306 0.21052724729857691
5 0.33501482922660947 0.36408082664717767 0.02151290145127884 0.03555806840173403
5 0.8689186032732266 0.30179803241707714 0.021458337748947898 0.03399556840173403
5 0.7803099710592415 0.31631482970153657 0.023129965153609787 0.03721157366340595
3 0.9127206777753306 0.3647383771977576 0.07173613466105593 0.17882222099021766
5 0.9065004488267228 0.29727015613695273 0.019895837748948254 0.03390456314006211
3 0.8234126411148418 0.37695692711305295 0.0699553798517325 0.17248121572854586
5 0.8219617577197305 0.30687194026723263 0.01660714664195524 0.02903505261671846
3 0.9649925059056319 0.3414227035625866 0.04348215988879929 0.12883763154179623