3 0.40706060460062743 0.5163040114156505 0.24436009582002857 0.38895758019564475
3 0.5664901467551051 0.5154657973514197 0.21165668012898403 0.40560485965300896
3 0.7504015384420445 0.4239630104927999 0.14071694535249044 0.29328652991878956
3 0.8806112132082754 0.3710709430970815 0.0885817527304745 0.19154475478036198
3 0.9390731530016211 0.344659834985232 0.07742608411256384 0.15334384793281677
5 0.39530042710392194 0.3755986682631957 0.044122704722264317 0.06686612739018098
5 0.4361663216195318 0.4144015499723134 0.036219301131468026 0.0507404796419344
5 0.5374515656676035 0.3602368792451075 0.042560204722264315 0.06676599784053164
5 0.7278629422292324 0.3113023241878904 0.029942030054229286 0.045652461443337164
5 0.8669027163315335 0.29848454426910076 0.020485216822512697 0.030989184145441228
5 0.9356027193565953 0.28548509408453066 0.018904536104353296 0.027764054595791877