3 0.44921875 0.62109375 0.2875 0.52734375
3 0.14296875 0.53984375 0.2640625 0.4125
3 0.228125 0.475 0.15390625 0.27109375
5 0.1234375 0.37578125 0.04453125 0.08515625
5 0.22421875 0.36875 0.034375 0.05625
3 0.30546875 0.46953125 0.0890625 0.24140625
5 0.2828125 0.37265625 0.03046875 0.04765625
5 0.40703125 0.40390625 0.05390625 0.09609375
5 0.4484375 0.440625 0.0515625 0.08515625
3 0.58515625 0.52578125 0.109375 0.31015625
5 0.56484375 0.4 0.034375 0.05859375
3 0.88203125 0.503125 0.06484375 0.22109375
5 0.8859375 0.41015625 0.01875 0.03515625
5 0.940625 0.41015625 0.015625 0.02734375
5 0.91171875 0.40703125 0.015625 0.03359375