3 0.2165306060769093 0.5349721846068665 0.3310618329175455 0.4854506508305656
3 0.6082258004525568 0.5328110163436708 0.1335917117440431 0.259372604872647
3 0.7656958521479679 0.5857426565337782 0.13766278163641915 0.27988536397194574
3 0.9737607934232436 0.5937611173588065 0.0524784131535128 0.16876858883351814
3 0.9197283806840151 0.5815929819490611 0.08500435442427942 0.18615634793281668
3 0.8470357433804623 0.5761557078903675 0.11665676881613755 0.23024630937615384
3 0.35867956472058043 0.509809103174604 0.19395132299274803 0.31776489820967196
5 0.23156263895618276 0.3560053778516063 0.05356595574818703 0.07976664558877822
5 0.3302741207592177 0.3849197247046889 0.039974336641599176 0.055528109191583755
5 0.36757506761606457 0.399772769121448 0.037140435070022626 0.061577850092285044
5 0.6106722502048878 0.43482409931709276 0.03030823821317572 0.048677331893687635
5 0.7755545415612166 0.4796626372554467 0.033578787427387444 0.05200259099298634
5 0.8501371645967459 0.49223129086378953 0.02852741439185813 0.04388970234403846
3 0.11883366066780451 0.46094559685308256 0.18159687220695978 0.32008886181247737
5 0.14853181513486519 0.34601101172019233 0.04175516046291672 0.06031573874123301
5 0.8167788550434519 0.47840982032115376 0.025111315963435032 0.03743944324473976
5 0.9945366930303493 0.5305997833056504 0.010926613939301433 0.030889054595791877
5 0.9281358860606985 0.5112502035714309 0.02027826674922295 0.034014054595791876
5 0.387159821545006 0.3854494532668891 0.030381012820281585 0.05023983189368782
6 0.1984226532242064 0.3468714073089706 0.02198631596343472 0.03723918414544114