3 0.24779658630172402 0.6452231765437751 0.40237878622258166 0.6254592905817837
3 0.5106482757977405 0.5452741749222174 0.1921159214828208 0.37660123051823946
5 0.17402515102884966 0.39325730194916464 0.07193248746358769 0.11057503571381497
5 0.23828387932123732 0.42574647362167595 0.06669941818411554 0.09174321509696388
5 0.5054115433487176 0.39216281169169254 0.042534492478152684 0.06633411201270886
3 0.8761990679593239 0.4826148932688875 0.10810933135366625 0.22677278003177204
5 0.8844996497752085 0.39179897849623513 0.024528638558944493 0.03790910308425506
5 0.914028025402029 0.3858120312561787 0.018233174452321775 0.03623750892845372
5 0.9289172395086517 0.38711543263615045 0.01492631802583091 0.029932961850553053
3 0.9838762094877691 0.4438642646170871 0.03224758102446188 0.13201365909060953
5 0.9955835934611134 0.38905403369181063 0.008832813077773238 0.023628414772652383
5 0.23588865353613214 0.37029136039115107 0.029352530878812465 0.042678423701106104