3 0.17421875 0.58671875 0.3484375 0.54375
3 0.70625 0.48046875 0.09375 0.25859375
3 0.553125 0.4875 0.1125 0.275
3 0.8546875 0.56640625 0.165625 0.37734375
5 0.15234375 0.36484375 0.05625 0.10234375
5 0.86796875 0.41328125 0.03984375 0.075
5 0.7046875 0.37421875 0.0234375 0.03984375
5 0.01484375 0.365625 0.0296875 0.07734375
5 0.26015625 0.3625 0.02734375 0.04765625
3 0.33828125 0.503125 0.14765625 0.32734375
5 0.3171875 0.371875 0.034375 0.06640625
3 0.47734375 0.46953125 0.09140625 0.24140625
5 0.4828125 0.37421875 0.02265625 0.04140625
5 0.52578125 0.3625 0.01796875 0.02890625
5 0.5625 0.37421875 0.02578125 0.04375
5 0.609375 0.36796875 0.01796875 0.03515625
3 0.6546875 0.453125 0.0578125 0.19140625
5 0.6640625 0.375 0.0140625 0.03359375
5 0.8875 0.38515625 0.01640625 0.03359375