3 0.13643222919624348 0.5502825484033945 0.2532024016273082 0.39854888243296427
3 0.47025835255656323 0.4727544787082807 0.14722463930283639 0.2804116946765234
3 0.649867287427701 0.4818071906478285 0.13710601085413393 0.29559102570316254
3 0.8274467328142879 0.42545773707405665 0.08482645861557012 0.1905560158173308
3 0.7390869176854257 0.44542933886094255 0.10932184757972223 0.24144735376405232
3 0.9120673942796774 0.41733221927955955 0.0794019742194024 0.17630251482874754
5 0.08734403324382937 0.40104389376448984 0.048833647670579336 0.06903384288963732
5 0.14466521031305088 0.4080632149052973 0.04570864767057934 0.06890650889724856
3 0.21450299751360916 0.48863278258606374 0.14286468792335533 0.2864706936879401
5 0.18347540479512692 0.3815352069966319 0.03559666327441158 0.054462006920082205
5 0.46986328414834055 0.3612903966930583 0.028937227498762753 0.046394838935304605
5 0.654528211217562 0.3631208576440229 0.03214411465389251 0.04808467292769345
5 0.730637009838081 0.3537830083285949 0.03049972749876275 0.04645850593149907
5 0.8290335662605163 0.3505532375683482 0.022032130257724703 0.03364017095052709
5 0.9109829291053864 0.34877322026814267 0.0235946302577247 0.03370383794672147
3 0.03318323496199465 0.48965540760465426 0.0663664699239893 0.2394391847906915
5 0.028668396088699637 0.40499390612177943 0.028937227498762808 0.046394838935304605
5 0.698111114881035 0.3496512652486771 0.022114017412854636 0.03520267095052709
5 0.779074509838081 0.3518093314465688 0.019070904567984215 0.03663783695813834
6 0.007320097806864901 0.39357624505708416 0.014640195613729801 0.03682883794672147