3 0.1703125 0.525 0.21953125 0.38359375
3 0.346875 0.48203125 0.15 0.2875
3 0.7 0.553125 0.234375 0.4125
3 0.53828125 0.49375 0.1328125 0.29609375
3 0.946875 0.45078125 0.06484375 0.16015625
5 0.16875 0.36796875 0.04140625 0.07265625
5 0.30625 0.37421875 0.03046875 0.05390625
5 0.34375 0.36875 0.028125 0.05390625
5 0.69296875 0.38359375 0.0390625 0.075
3 0.84296875 0.45390625 0.06484375 0.19375
3 0.46328125 0.46171875 0.0953125 0.22734375
3 0.784375 0.46171875 0.07421875 0.2125
5 0.46953125 0.36953125 0.02265625 0.03984375
5 0.5359375 0.371875 0.028125 0.05
5 0.63671875 0.375 0.01796875 0.03515625
5 0.95078125 0.3875 0.01640625 0.03125
5 0.840625 0.371875 0.0140625 0.02890625
5 0.78203125 0.37421875 0.0203125 0.03515625
5 0.71796875 0.37109375 0.01640625 0.03125