3 0.16875 0.51328125 0.22734375 0.36640625
3 0.72734375 0.56640625 0.1734375 0.39765625
3 0.40234375 0.48046875 0.1140625 0.23125
3 0.5765625 0.51171875 0.1265625 0.30390625
3 0.84765625 0.48515625 0.0671875 0.21484375
3 0.909375 0.47265625 0.0609375 0.17734375
3 0.97421875 0.4609375 0.0515625 0.153125
5 0.70625 0.41015625 0.03671875 0.07265625
5 0.74453125 0.40078125 0.0390625 0.0625
5 0.17578125 0.365625 0.03515625 0.06484375
5 0.403125 0.38671875 0.02109375 0.04140625
5 0.57890625 0.384375 0.02734375 0.04765625
5 0.84453125 0.39921875 0.01875 0.03984375
5 0.525 0.38828125 0.0234375 0.03515625
5 0.89296875 0.39375 0.01640625 0.02734375
5 0.915625 0.4 0.01796875 0.03125
5 0.9375 0.396875 0.01328125 0.02734375
5 0.9609375 0.39921875 0.01171875 0.025
5 0.9890625 0.40390625 0.01328125 0.02890625