3 0.3285165110174539 0.5247526121759378 0.25078531015629046 0.39437216831236127
3 0.540144255755782 0.5312429207809033 0.17750045762427646 0.28812086189159736
3 0.7367994478773917 0.5530309210652437 0.11870231029746474 0.24306162860909736
3 0.6671162794333053 0.5271574456665283 0.11613875241907437 0.2258377610179167
3 0.10192027381869766 0.5556889151782293 0.20384054763739531 0.5457528303564585
3 0.8768252084007354 0.5531608204759035 0.09869364718563745 0.19422408510611114
5 0.03401977776495155 0.3331586453265973 0.0680395555299031 0.10479790919430557
5 0.332982745091264 0.38091169319798646 0.04775423151356133 0.06976829255305557
5 0.5598868793344833 0.42061454530593795 0.03416216837349921 0.05072735182361114
5 0.37093777139962325 0.3739720153863198 0.03590667889684287 0.05388871941479163
5 0.5881028845961552 0.41970666194718803 0.025894642065139806 0.04273301386770836
5 0.678462574086929 0.43980291603125055 0.025712631541796326 0.03960801386770836
5 0.7449220319935541 0.4538667224520145 0.02562162628012423 0.03804551386770818
5 0.757702753054359 0.4627695969770492 0.021116136803468067 0.04106141109416672
3 0.7895905189099617 0.533137301574202 0.07885158404557516 0.1750376740119446
5 0.7974554977926871 0.4652594705521535 0.02057010523343692 0.03168641109416655
3 0.9189679347937993 0.6355018482113202 0.10928107864272932 0.32242182028847244
5 0.8881337056993122 0.47988697463621605 0.027184126280124586 0.03808188145888884
5 0.9607598636200549 0.5089581852172925 0.025151189420186525 0.05675914627652787