3 0.12265625 0.53828125 0.2453125 0.41875
3 0.40234375 0.52890625 0.17734375 0.38984375
3 0.6453125 0.46328125 0.0984375 0.2375
5 0.1 0.37109375 0.05078125 0.07890625
5 0.40390625 0.36875 0.03671875 0.06640625
3 0.5296875 0.49375 0.13046875 0.3
5 0.51640625 0.37265625 0.0296875 0.05390625
5 0.14921875 0.37421875 0.0296875 0.05390625
3 0.29609375 0.44453125 0.10234375 0.20390625
5 0.29921875 0.36171875 0.01875 0.0375
5 0.60078125 0.36484375 0.0203125 0.0375
5 0.62734375 0.365625 0.0234375 0.04375
5 0.6421875 0.37890625 0.02109375 0.0375
5 0.66328125 0.37109375 0.01796875 0.03125
3 0.78515625 0.45625 0.0671875 0.19140625
3 0.86640625 0.45 0.06015625 0.17265625
3 0.92421875 0.43828125 0.05546875 0.14140625
3 0.96328125 0.421875 0.0375 0.11484375
5 0.79140625 0.37890625 0.01796875 0.03359375
5 0.82265625 0.38046875 0.0140625 0.02890625
5 0.80703125 0.38671875 0.015625 0.03125
5 0.86875 0.38046875 0.01640625 0.03125
5 0.84609375 0.37890625 0.0140625 0.02890625
5 0.9296875 0.38125 0.01328125 0.025
5 0.96171875 0.375 0.009375 0.01875