3 0.34085434250037894 0.5903145711779885 0.24303394515609877 0.42386721741393635
3 0.12223160752749358 0.6032761917107737 0.23986349336070062 0.41592738342154745
3 0.6334003908031767 0.5295958829644369 0.13750104176169434 0.27428902866891197
3 0.7581413155694076 0.4901579926599883 0.10280787919390769 0.21820085475263545
3 0.5287219811622563 0.5268926942194128 0.1389453670936593 0.2540401956651064
3 0.8789946919346449 0.5880291013669564 0.21022144515609859 0.4225302104938541
5 0.07837200233769105 0.44840034931542794 0.04727497579950317 0.0706600098858317
5 0.1165259873105764 0.4280851907221906 0.04256929508134394 0.06734400889724856
5 0.321199851771957 0.4340818172236559 0.04574883723582168 0.07684634288963732
5 0.2689197342855143 0.4428864728511437 0.03313066256778665 0.056024506920082116
5 0.23612086982413372 0.44389321593106157 0.03468407220870695 0.054525673916276676
5 0.8795936138722054 0.42246776836315086 0.04891019867214012 0.08322367688202607
3 0.9423435987468949 0.4679831982109265 0.0837760780624393 0.16899935079830275
5 0.6234163367448423 0.42452638098727064 0.03466589149054773 0.051400673916276673
5 0.745154981358648 0.4060549066904332 0.02520907825883114 0.03695617193911023
5 0.9349350988450909 0.4028529467280517 0.018895445745273777 0.025764003954332714
5 0.4930293999765588 0.433272686805039 0.02996021077238851 0.04808467292769336
5 0.5172163337197803 0.4287907752460519 0.028379530054229284 0.04489600593149916
5 0.8536714633064714 0.3971985129259433 0.017360216822512698 0.030387836958138337