3 0.16328125 0.53984375 0.2125 0.37890625
3 0.49609375 0.49296875 0.11875 0.26875
3 0.67578125 0.51875 0.10703125 0.28515625
3 0.853125 0.47890625 0.06484375 0.18359375
3 0.76484375 0.490625 0.084375 0.23359375
3 0.9375 0.478125 0.0609375 0.17109375
5 0.1140625 0.38515625 0.04140625 0.06484375
5 0.17109375 0.39765625 0.0390625 0.06484375
3 0.24140625 0.48515625 0.1140625 0.275
5 0.21015625 0.37421875 0.03046875 0.05234375
5 0.49609375 0.38125 0.025 0.04375
5 0.68046875 0.4 0.02734375 0.04609375
5 0.75625 0.39765625 0.02578125 0.04375
5 0.8546875 0.40390625 0.01796875 0.03125
5 0.93671875 0.409375 0.0203125 0.03125
3 0.040625 0.46796875 0.08125 0.23125
5 0.05546875 0.38359375 0.025 0.04375
5 0.72421875 0.390625 0.01875 0.03359375
5 0.8046875 0.4 0.015625 0.03515625
6 0.0296875 0.36953125 0.0203125 0.03515625