3 0.30859375 0.559375 0.19921875 0.37265625
3 0.6 0.50390625 0.10234375 0.25390625
3 0.16484375 0.52734375 0.1796875 0.32734375
3 0.759375 0.47734375 0.06796875 0.19140625
3 0.86328125 0.490625 0.06796875 0.18359375
3 0.959375 0.4875 0.0515625 0.16015625
5 0.3140625 0.40703125 0.04140625 0.06875
5 0.1375 0.40546875 0.0390625 0.08125
5 0.17578125 0.39765625 0.03671875 0.0625
5 0.596875 0.396875 0.02109375 0.03984375
5 0.7578125 0.39765625 0.01640625 0.03359375
5 0.86171875 0.41484375 0.015625 0.02734375
5 0.96328125 0.42109375 0.015625 0.02734375
5 0.98828125 0.41953125 0.01171875 0.02265625