3 0.26793859326113695 0.47368513737268003 0.136716711744043 0.2530170066836355
3 0.6076902979758666 0.49639866808558697 0.12189223242220741 0.2700226933481812
3 0.1321478352985556 0.5790073420194082 0.2642956705971112 0.4969317333704527
3 0.7369004549241268 0.5752878314369498 0.2022433200972639 0.419314716024817
5 0.12404950620525301 0.37430166068586274 0.0508048287837163 0.08492044000636341
5 0.2670546435088059 0.37518400270527097 0.03030823821317572 0.047202264003817974
5 0.614128696651959 0.3917293494191324 0.03223461124870504 0.05503294533736351
5 0.7527909363128769 0.401941238104677 0.042410131926869356 0.07232953333863605
5 0.8273735593484062 0.39499235144808564 0.020132717535011578 0.029905676002545435
3 0.8252973289931133 0.47313553278163106 0.07428517824559719 0.18670111600890865
3 0.9572579584387834 0.4426224241326757 0.051134468568468705 0.12552725867281786
5 0.007692567825461544 0.37440056333545446 0.015385135650923087 0.06755112667090887
5 0.02386756968748837 0.3770443053389543 0.03067211124870501 0.055014764003817974