3 0.2440551449974929 0.6506712613999663 0.41713798093234233 0.6526429428464191
3 0.5115303324762884 0.5883233527534465 0.20064985226173632 0.3896737772394082
5 0.18117316596406713 0.3898705191936365 0.07418652286549077 0.11585422896477801
5 0.24498269482000765 0.4317409449401059 0.06884425843752054 0.09677644703379293
5 0.5124330896478645 0.43563539532809353 0.042916675497895795 0.068465776735205
3 0.8797520536203478 0.5766634949794469 0.1141617368379741 0.23399222376899792
5 0.8922396407363238 0.48791235141606426 0.024747028855940555 0.03913890965492613
5 0.9217907314804965 0.4860820536456371 0.01844246515360979 0.03713936708027923
5 0.9367163270339928 0.48946377976042366 0.016661710344286363 0.030780106436617417
3 0.9854365361123346 0.5535534129322461 0.029126927775330814 0.13587179802252863
5 0.9987450679634999 0.5011932374378782 0.0025098640730000454 0.02431158514929379
5 0.24460818338726228 0.3763814555837676 0.029598219962933037 0.044154191585911204