3 0.4627356792109111 0.48694544728204897 0.1614930938242157 0.28790265634451406
3 0.18011664136929584 0.5529646118915974 0.2759226707733905 0.3904847553183336
5 0.15621037149902994 0.40487195079743066 0.05083830290255768 0.06987739532659734
5 0.036979221861849654 0.410683580072118 0.04280754809323424 0.06344555737069446
5 0.44086562449425487 0.37480846998347256 0.029925602176918177 0.05221711664124999
3 0.6733730788480913 0.4832613220914242 0.13556551088459123 0.2607582748856251
5 0.6767212789407585 0.37795622625173664 0.028090283665263983 0.04436824905006951
3 0.6055853781224518 0.46451001567066025 0.1187401094333124 0.22601959897381949
5 0.5977331833872622 0.37377591289711853 0.023239092558271324 0.03957164627652778
3 0.7449107729503087 0.4529211650813201 0.09259427168436432 0.19262521751493064
5 0.7352604652384278 0.3777575109210075 0.019786710344286362 0.030123911094166723
5 0.7701984604291042 0.3723257817225701 0.018169646641955417 0.028525043502986146
5 0.8667187963639538 0.36442432237576455 0.019732146641955238 0.02856141109416672
3 0.9516319989036915 0.42650805470833414 0.07291668874473985 0.16562630642076392
5 0.9485317915546304 0.3600836209127438 0.01816964664195524 0.02852504350298606
3 0.8464732729503087 0.45528505850805623 0.0853274087076727 0.20806837955902785
6 0.8340972693221117 0.36912935296097293 0.019786710344286362 0.030123911094166723
5 0.05799112630835337 0.40883079255305554 0.03165179328391081 0.05694098423243066