3 0.2723932889379236 0.470615745631597 0.14332344718226028 0.2593776128415278
3 0.6127727522774347 0.4697188607542356 0.12824408420556885 0.2746389369297223
3 0.13940597922268486 0.5864615640202082 0.2788119584453697 0.5098893719595836
3 0.7453917901190499 0.5392293141171174 0.21166176333166184 0.42801981648875015
5 0.12405004737544405 0.381955901976111 0.05300100362819706 0.08710126291777787
5 0.26720977033360205 0.37315951738309006 0.031324411069925694 0.047565984232430567
5 0.6148660203336019 0.3650677283454161 0.03315972958158007 0.055414851823611146
5 0.7537921110777749 0.36573726273034657 0.04318949400955034 0.07438305737069442
5 0.8275842751429255 0.35387173594486043 0.021349210344286006 0.030160278685347208
3 0.8295435900263826 0.4318876331713188 0.07842264427970269 0.1891729091943056
3 0.9597320870311578 0.39216855689892277 0.054419659888799286 0.12772626291777778
5 0.008623487934282435 0.39027950788378474 0.01724697586856487 0.06944098423243057
5 0.023777228863789756 0.39209592781166663 0.031597229581579955 0.05537848423243048