3 0.21328125 0.51875 0.20078125 0.36015625
3 0.4296875 0.56328125 0.17734375 0.39765625
3 0.57421875 0.509375 0.1234375 0.3
3 0.7203125 0.49453125 0.08828125 0.22734375
3 0.8609375 0.48671875 0.0703125 0.19765625
3 0.94609375 0.47734375 0.053125 0.16640625
5 0.2109375 0.36953125 0.034375 0.06875
5 0.4375 0.40390625 0.0390625 0.07734375
5 0.5625 0.39453125 0.0296875 0.05234375
5 0.69921875 0.39375 0.01875 0.03515625
5 0.7203125 0.4 0.02109375 0.0375
3 0.77578125 0.47109375 0.0484375 0.175
5 0.77265625 0.4 0.01640625 0.03359375
5 0.85078125 0.40390625 0.01796875 0.03359375
5 0.94453125 0.40859375 0.015625 0.02890625
3 0.984375 0.46640625 0.03046875 0.14765625
5 0.9578125 0.4125 0.01171875 0.02109375
5 0.86328125 0.41015625 0.0109375 0.03515625