3 0.8400871061717613 0.5296608444468742 0.09182492739850963 0.20994268577927463
3 0.6713280158126815 0.52434730885788 0.12023172852997774 0.2595261917107738
3 0.46902517242853986 0.5090711828507063 0.16268284894328655 0.30655770060802223
3 0.2724501542781672 0.44948664133021293 0.16714308996629618 0.2676862015966055
3 0.9135291513513011 0.5318719432680107 0.07764425273047451 0.18905718281352507
3 0.7542086935057787 0.5160029096561827 0.08867265632127061 0.2051278517868859
5 0.482992744539051 0.39164360231835854 0.033094301131468204 0.04977450692008221
5 0.27226432279788215 0.3471110578321157 0.029942030054229286 0.04495967292769345
5 0.6805080939733169 0.4239162273369491 0.028379530054229284 0.04489600593149916
3 0.5355723229942739 0.48755828018896785 0.11692492134838535 0.22814885771838486
5 0.5126166120254936 0.40379077524605195 0.029978391490547908 0.051209672927693406
5 0.5399876331027326 0.40021744767945383 0.025263620413308985 0.04633117193911036
3 0.6012018681738137 0.4894510440291323 0.09649424668035031 0.20700868676785794
5 0.6126120668459538 0.408646713002493 0.02208407825883114 0.03682883794672147
5 0.8491762807416002 0.44485476292594334 0.0220658975406721 0.03370383794672147
5 0.7609223018188391 0.4365700776409603 0.020521578258831143 0.036765170950527094
3 0.8059120940715129 0.4938851705305976 0.04766586123992687 0.1378475098858317
5 0.5712330879231927 0.4022720376033416 0.018922716822512696 0.030451503954332715
5 0.9225683289462022 0.45565961174707975 0.015797716822512697 0.03032416996194396
5 0.8140336662802199 0.4410785055115696 0.0173420361043533 0.027262836958138338