3 0.4298461464723194 0.5929375601513461 0.3154812224948218 0.5518371144333709
3 0.13395087014826756 0.5368818314322625 0.26790174029653513 0.43461004163898187
3 0.21059269338442724 0.4651186505260238 0.16892364790789977 0.28365071406423076
5 0.10775292478010576 0.37427120990217755 0.0483135036281971 0.08884125693983033
5 0.20883427514292546 0.3592191039497964 0.037901793283910815 0.0585529796419344
3 0.28818198004491613 0.45313098781838235 0.10220737386128267 0.2481952729789592
5 0.2673188977382638 0.3585892458379468 0.032941474772256465 0.05044009099298643
5 0.39130946924514287 0.3794851318660012 0.059632949544513106 0.10047966378737563
5 0.43224200409153324 0.41271913402546956 0.056126003628197196 0.08934190468807693
3 0.5676313778679979 0.4866701688815046 0.12497524046617112 0.31980945712440045
5 0.5493402240544663 0.36312204735141973 0.03801092068857237 0.0616779796419344
3 0.8647072745099532 0.4395706192229582 0.0764980457309818 0.22628070018457008
5 0.8702975647986392 0.3464516748984843 0.020004965153609788 0.03713905459579188
5 0.9250123466498046 0.342165890660758 0.01660714664195524 0.02912629549649317
5 0.8961879422033009 0.34167453732927044 0.016825401451278664 0.03537629549649326