3 0.21692091135384758 0.6387967608870597 0.36491890886339745 0.5925418188172538
3 0.42187508423919756 0.5384461052393565 0.1958878686106214 0.37388744404836294
3 0.6358833525565633 0.47371470084529455 0.10389736318355461 0.22611988229073815
3 0.7814415140219525 0.46479903892938523 0.09419481456303558 0.21959709765100205
3 0.8477216112629906 0.45038954645123264 0.06920810266810484 0.15958560015828455
3 0.8984619176854256 0.4496932129859955 0.0696175384437538 0.16739810015828455
3 0.5690167571245477 0.4397776215366925 0.07266065128862387 0.16592652837152994
3 0.7093584741078608 0.45597561988733987 0.08375528154634874 0.19901181301126591
5 0.15202733095983723 0.4183682521115711 0.08146908525525039 0.12561977711788863
5 0.20988741858993681 0.4455468660599092 0.06379026232447187 0.11574467194503928
3 0.4982571997976013 0.46523827428140185 0.10505042740790582 0.21835284639736088
5 0.4965109933297377 0.37948263070789257 0.023840291723114148 0.038136497492717504
5 0.40523089608869967 0.39461954889200807 0.03608798620519007 0.06345474623907635
5 0.641373113976524 0.3838482187919832 0.02227779172311415 0.038091033386094875
5 0.5685497676399972 0.3742662818032493 0.015536468792335612 0.028534176959604095
3 0.9552851277713339 0.43711900514757895 0.04848616689245624 0.15118206677218976
5 0.43064365389061576 0.40090064113273377 0.03000176051544958 0.06639788981258551
5 0.7028019369073025 0.3727001186336986 0.01866146879233561 0.02862510517284953
5 0.7838062754419133 0.3750234850893192 0.02071529172311415 0.038045569279472155
5 0.8408817910457455 0.38740381314428 0.017098968792335256 0.02857964106622681
5 0.8542858717784402 0.3846736182379872 0.015290807326946165 0.023846676959604095
5 0.9710196703989592 0.3750365422945975 0.01372830732694652 0.02380121285298138
5 0.9035046217784402 0.38324149887937276 0.022114017412854636 0.03496603338609479
5 0.1955626469932108 0.37653845328607005 0.032799211894930555 0.060238818025830906