3 0.48618133456821616 0.63601834342111 0.35197594335062204 0.5549845662350726
3 0.17857129433935776 0.5261061966536896 0.3140938950759919 0.4365873933073793
3 0.2619193898802118 0.47029654844057556 0.1866358945717888 0.2849373685927999
5 0.1553801767548756 0.3615661941822317 0.05455609604505716 0.08947367688202616
5 0.2560521661112139 0.3641102154367699 0.041542643815484226 0.05934050790866543
3 0.3391538792365501 0.47188556475219795 0.11871642105489241 0.24945085475263545
5 0.3151375890076916 0.37352897779405964 0.03619957995351379 0.04977450692008221
5 0.4404160944555732 0.4160268369953194 0.06625842055068923 0.1008568458553869
5 0.4822101105471166 0.4566810119001792 0.06236859604505725 0.08979201186299797
3 0.6206877385231591 0.5542483730786052 0.1470706500196705 0.3207183596955513
5 0.5985563763865585 0.4271447036109529 0.041761165102807675 0.06246550790866543
3 0.9178523156266813 0.5593456858536368 0.0921867720436282 0.22655718281352524
5 0.919945057328808 0.466727104332706 0.022825494804219915 0.036765170950527094
5 0.9748510786161315 0.47208044919950964 0.019154191585911206 0.028825336958138336
5 0.9463982966851463 0.46624694326801064 0.0195912341605581 0.03507533695813834