3 0.2484375 0.64140625 0.325 0.57734375
3 0.45 0.55078125 0.1703125 0.36640625
3 0.66171875 0.49609375 0.0890625 0.22265625
3 0.80703125 0.49375 0.07890625 0.21640625
3 0.87265625 0.48203125 0.05859375 0.15625
3 0.9234375 0.48359375 0.0578125 0.16484375
3 0.59375 0.45859375 0.0609375 0.1625
3 0.734375 0.48125 0.06953125 0.19609375
5 0.17578125 0.41796875 0.07265625 0.12265625
5 0.234375 0.44765625 0.05625 0.1125
3 0.5234375 0.48125 0.090625 0.21484375
5 0.51875 0.39453125 0.02109375 0.0375
5 0.428125 0.40546875 0.03203125 0.0625
5 0.6640625 0.40625 0.0203125 0.0375
5 0.590625 0.39296875 0.01328125 0.02734375
3 0.98125 0.47421875 0.0375 0.15
5 0.45390625 0.41328125 0.02578125 0.06484375
5 0.725 0.39765625 0.01640625 0.02734375
5 0.80625 0.40390625 0.01796875 0.0375
5 0.8640625 0.41875 0.015625 0.02734375
5 0.87734375 0.41640625 0.01328125 0.02265625
5 0.99375 0.4125 0.01171875 0.02265625
5 0.9265625 0.41796875 0.0203125 0.03359375
5 0.21796875 0.378125 0.028125 0.05859375