3 0.13271972771969753 0.4936493385036259 0.23728241307904274 0.38845899420903185
3 0.3446586536131405 0.4401111538478881 0.12804538144438116 0.2336558701400452
3 0.5443575646778358 0.4573221168347855 0.12281405338349138 0.25836477171162175
3 0.6940219836511966 0.4394346418561761 0.08455004942915885 0.23786818114108127
3 0.8501910706093347 0.41500606844914323 0.0735197075281043 0.19680653349844596
5 0.0795204263505535 0.34485227357364856 0.04224584980971957 0.0799443651776464
5 0.123160338403832 0.36465319727113166 0.04017401384016441 0.06737159057054054
3 0.9263543225865012 0.4021015000045092 0.06312603558899425 0.1713698858558109
3 0.7659115711036264 0.4165921472328596 0.0687048735357159 0.1934632096771285
5 0.3413200893924152 0.3498136395798645 0.025092841901054187 0.04171661910658786
3 0.636478739088404 0.41638243962264576 0.07001270555093822 0.1872859842842342
5 0.5479056704190545 0.35110850413833844 0.023530341901054186 0.04164384449948209
5 0.580813670913346 0.3472364873891154 0.02027800790866543 0.03837329528527036
5 0.6371910049057348 0.34149160153330455 0.019896005931498983 0.02899829528527027
5 0.6972199209133461 0.341814779159729 0.021713173916276675 0.035321069892376135
5 0.8518755874152489 0.3353913430562491 0.017025673916276674 0.035102746071058545
5 0.7877175869209573 0.34071885194758933 0.01677100593149916 0.028852746071058633
5 0.7689675869209573 0.3415921472328596 0.02027800790866543 0.03837329528527027
5 0.8292830044114432 0.3348840748592841 0.013646005931499162 0.028707196856846907
5 0.930781837415249 0.33171622539740336 0.013646005931499162 0.028707196856846907