3 0.17509432467174008 0.5789731934692453 0.3274901491738441 0.5295536130615094
3 0.44252487213200214 0.5094047048171726 0.2030655241314351 0.36290677168436436
3 0.681259989918017 0.49168145836055166 0.13563992195451693 0.30905259618646846
5 0.1687822933687288 0.37582091161807984 0.053055567330527964 0.08924603847458741
5 0.4515947933687288 0.3659448814961949 0.044424611795565026 0.06553571996293313
3 0.9754526563030111 0.45294381825720026 0.04909468739397767 0.16306548439090332
3 0.823864152169069 0.45384909774611304 0.07340776206571746 0.18047123920022687
3 0.907703438829558 0.45796118967141214 0.0756250264936881 0.1992758029025577
5 0.6800198937315486 0.36657233095589004 0.03148810217691818 0.05259921034428618
5 0.7364063029873756 0.3685142876719792 0.029761911069925696 0.047857146641955416
5 0.9057292218618496 0.3790276578202468 0.01816964664195524 0.028725200725639333
5 0.9865799177781657 0.3871551271502077 0.01660714664195524 0.028670637023308566