3 0.17438164743323817 0.5604861711621529 0.2826585661683225 0.4389222553183334
3 0.8638080204687675 0.5843367788727785 0.20038972166884045 0.41515614057694455
3 0.5410404545053327 0.540925738885174 0.18548815963434712 0.36330269984750013
3 0.7802441956139926 0.4825002155181603 0.07889990363849116 0.18601154160312508
3 0.6540284520241333 0.503755006836945 0.12127580231458364 0.2915718637914584
5 0.16637644065159385 0.38861117116215294 0.055419554176610444 0.08401263050895835
5 0.527241166044488 0.3954495847248616 0.03870293507002263 0.06021145459715278
5 0.8694115494190996 0.4198021533978132 0.048441808105551584 0.06824216014423609
3 0.9628747590962281 0.48284897368628554 0.06403688296032684 0.16849673328249998
5 0.5715904795267234 0.39257981107350737 0.02227741439185813 0.042660278685347205
5 0.6270592295267233 0.3938708605604172 0.030599336641599174 0.05377961664124999
5 0.9588914263835701 0.4140807898906953 0.015226893713693812 0.02532730832062491