3 0.2280814889799061 0.6801599382317166 0.411521366504484 0.6396801235365668
3 0.87347177791293 0.5363496914436656 0.16946008976990434 0.3915976684215191
3 0.5674263109922213 0.4994117310640605 0.147194204329481 0.32428290339440446
3 0.454322322994274 0.4682839300307882 0.1263908249391815 0.23978972872636942
3 0.7989490217646099 0.4538821042078439 0.09182492739850953 0.2067772408266178
3 0.15172858811958442 0.5094936955488821 0.11906011397040124 0.3225567769309713
5 0.16886661202549366 0.38380789431921813 0.040997704722264314 0.06429884933607007
5 0.23110753679172452 0.4287027586824029 0.07412836729005097 0.11917724687674199
3 0.3407365459651067 0.519968628997516 0.2019907886384363 0.3433510659621911
5 0.3368080909482548 0.389472607920277 0.04101588544042354 0.06742384933607007
5 0.8790728590004317 0.37934571252090443 0.04101588544042371 0.06742384933607007
5 0.56504672043675 0.3712685503459013 0.03312157220870695 0.05331589754067192
5 0.4470461541799713 0.3760509782353901 0.025245439695149585 0.04233294574527395
5 0.4072205848981306 0.37269417407885985 0.017351126463433175 0.02822499394987581
5 0.4267609252572102 0.3712453035673551 0.023682939695149584 0.04232385538619425
5 0.7970734252572103 0.3733997186692245 0.02208407825883114 0.03606476502711464
3 0.9568842416121847 0.4337064804748853 0.06806017447164336 0.15039088544042353
5 0.9619262656162899 0.37279625155212415 0.015770445745273774 0.025090903590796198
5 0.2361631963344491 0.3654487797596417 0.025236349336070062 0.040770445745273866