3 0.1654405410633828 0.5832576480569199 0.30108492790779035 0.4616097038861602
3 0.4291236976794538 0.5232297148489241 0.246431919999125 0.421635367244561
3 0.6571439269192072 0.41398518569370435 0.14137305239490824 0.254550566996892
5 0.10338225695726326 0.4241223966091779 0.06443918479069155 0.08877570967712844
5 0.4023489975657231 0.36558203474130024 0.04817751482874755 0.07242296360606985
3 0.5488658533069417 0.4652095454946673 0.18317323323126705 0.32355743217453853
5 0.5135902450942652 0.34865990033323147 0.03985567885919252 0.05955909057054054
5 0.1524418394667773 0.41792374648534336 0.03985567885919248 0.05955909057054054
3 0.30991609984690066 0.4599014230783105 0.13847354547482596 0.22166529238978616
5 0.2979479990485979 0.37748918341739274 0.025029174904859806 0.04015411910658786
5 0.5956069076418353 0.32527159615662105 0.026655341901054185 0.04178939371369372
5 0.6212608236494465 0.32094581513937437 0.031597509885831696 0.04825771753501131
5 0.6388939926228072 0.33108279446121 0.028217841901054187 0.041862168320799586
5 0.6580114071475437 0.32001686187238676 0.02321200692008212 0.033831344499482
3 0.7935615879839025 0.3810185202683889 0.10183570851668762 0.20280397642635145
3 0.872516917527667 0.3593382653059901 0.09169670456235508 0.18361732878371625
3 0.927189830075237 0.3372235167537322 0.08104836463846717 0.15193068114108116
3 0.9622359921285156 0.31367470079029747 0.0579636917107738 0.12122433664159918
5 0.7857225716722802 0.30389309408970644 0.02333934091247105 0.036956344499482
5 0.8168452376798914 0.2993126019475893 0.018460839923887563 0.032050520678164496
5 0.8023516561589605 0.3085977107150949 0.021649506920082117 0.033758569892376224
5 0.8619030696951139 0.29095213834151945 0.021649506920082474 0.033758569892376224
5 0.8393104866913081 0.2935698701445544 0.018460839923887563 0.032050520678164496
5 0.9217409847141418 0.2803378159679439 0.018269838935304605 0.027363020678164495
5 0.9525453157407812 0.2679448238258268 0.013327670950527093 0.020894696856846907