3 0.20529520144342964 0.4615436517870089 0.25377485226173624 0.3807626249983524
3 0.3706473829317753 0.4508401566582728 0.18654765752654665 0.2890194099013884
3 0.5882639580668515 0.5041076582831259 0.18166175008481816 0.3279728157455871
3 0.7620189165970392 0.487785408690163 0.10996531015895172 0.24239778003177204
3 0.8607019532575281 0.49309842573629153 0.10256947241000383 0.20947618587597075
3 0.9794320727728234 0.49241085877288854 0.04113585445435319 0.1541068474022122
5 0.20981403193598344 0.3223175105533068 0.04437004809323426 0.06323638555165925
5 0.3808085782151191 0.33887594480771976 0.036121038474587405 0.050600017856907445
3 0.6664881617877159 0.4831990945661337 0.1319494375636136 0.24590460957707694
3 0.5167783384667382 0.47174121753589116 0.1474305938242157 0.2867750714276299
5 0.5346156244942548 0.35573438799058643 0.02965278366526398 0.044240923701106105
5 0.7781944989036916 0.39135073945328375 0.027872028855940555 0.03796365016215582
5 0.6797297170525262 0.39228772240715515 0.03299603847458741 0.05054547077900677
6 0.6024578889222252 0.3733116258157218 0.03455853847458741 0.05057274431795715
5 0.8656498588851583 0.4109308080415399 0.023129965153609787 0.03631932954530477
5 0.8960913270339927 0.4096177240320083 0.01822421034428636 0.02998750892845372
3 0.1256052122432028 0.3957061919650507 0.13427582939624552 0.2678068831160272
5 0.15174607159169717 0.2936254947249942 0.036175602176918266 0.05216251785690744