3 0.6644065624958809 0.6091713880887686 0.2626513733734992 0.4592135573679075
3 0.3680246659871731 0.45497204738222496 0.09844895697928902 0.18079656134627203
5 0.6541843084386911 0.4262770720878142 0.049828450486467446 0.08025112133990878
3 0.5853991266199101 0.5129589120782692 0.11461151947846523 0.30127269334818113
5 0.5903575876596843 0.39429072807922366 0.0322591209411625 0.05817612667090888
3 0.8093900056787475 0.4577645241088132 0.06911601298564349 0.20076361600890866
3 0.899111024753471 0.45177870078767624 0.07391260714144465 0.20706816000954492
5 0.35744963027335813 0.38611295938095236 0.020912517856907443 0.034611357336090796
5 0.890647913958578 0.36966563478672176 0.02088524431795733 0.033048857336090795
5 0.8017217816533299 0.3764417987746314 0.02250229139585791 0.03619203866963625
3 0.9363382893639678 0.43659005279276697 0.06555463636243815 0.17572725334181777
5 0.9281206404196279 0.3685394867918124 0.01776024431795733 0.033012494668999894
3 0.8473712467502938 0.4410224667806766 0.06385576866768652 0.1678965720082724
5 0.8430325742670035 0.3714548541135857 0.01611592370110628 0.02830681333545444
3 0.9838594642845374 0.4184400367997666 0.03228107143092522 0.1269988520050907