3 0.4049127857105197 0.5592010005686809 0.22910248782184012 0.419226697947639
3 0.6494809918790299 0.6117493447928478 0.24291161769145653 0.4945176386770836
3 0.9336223924482226 0.47076654777447996 0.06552736282348803 0.1748922036472223
3 0.7345945572208752 0.4770671798989589 0.09101828652459396 0.20359908510611113
3 0.8144047881461518 0.48595317704916735 0.08205238960884893 0.22681837955902787
3 0.9789177069792891 0.46333656069225776 0.04216458604142161 0.16362739532659734
3 0.554834919233584 0.5134917231176046 0.13366152840691897 0.32016964247680574
5 0.38956270089020917 0.39562880983923643 0.04508640340856669 0.07758079255305557
5 0.6538161156628615 0.4127124327487506 0.05454322402541756 0.08248649810013897
5 0.5323678096565072 0.3895814444322574 0.03702844155801373 0.06333645459715279
5 0.9292837199649326 0.4011625625921188 0.020912517856907443 0.034847778685347205
5 0.8080945125786064 0.39287532427562566 0.020912517856907443 0.034847778685347296
5 0.9878365596565072 0.4001825972613897 0.017678423701106283 0.02852504350298606
5 0.5003501964259822 0.38961715881305603 0.024255706168510117 0.04742051386770836
5 0.5488695170428333 0.3954320541396532 0.030696620941162676 0.05850348423243066
5 0.7145081538123085 0.4000682688047923 0.020803423701106105 0.028597778685347207
5 0.733299064120734 0.4028484298989589 0.017596603084255237 0.02383754350298619