3 0.3296875 0.5375 0.17734375 0.34765625
3 0.59296875 0.603125 0.2171875 0.44140625
3 0.771875 0.496875 0.0890625 0.21640625
3 0.8890625 0.47890625 0.06484375 0.17265625
5 0.590625 0.41953125 0.0421875 0.08125
5 0.3078125 0.396875 0.03515625 0.06875
3 0.4703125 0.48125 0.090625 0.22734375
5 0.475 0.39140625 0.0234375 0.04140625
5 0.7703125 0.40625 0.0203125 0.03515625
5 0.33359375 0.40390625 0.0296875 0.06015625
6 0.65625 0.39609375 0.046875 0.05859375
5 0.54375 0.39140625 0.03046875 0.05
5 0.88828125 0.41484375 0.01640625 0.02890625
5 0.8640625 0.40546875 0.015625 0.02890625