3 0.1851151215125627 0.4910416953681619 0.2659552838479312 0.38976193756361355
3 0.3903948847373295 0.5686657314804965 0.2492073996047118 0.42348217313564335
3 0.5424880057557819 0.5379663469042587 0.1775760523343699 0.3180654976377472
3 0.6891809952324384 0.5462203349233591 0.12936679451244917 0.2399752139724834
3 0.8292599636624072 0.5605060681331361 0.10567168927901216 0.20796132213985138
3 0.9143252084007354 0.5650422899101677 0.08344807878390341 0.17443949400955033
5 0.20938562137138836 0.3431498323914704 0.04637374203690507 0.07334821996293313
5 0.4268846635353503 0.4125893462712865 0.05316977360693613 0.08294147477225647
5 0.551520642488663 0.423204442457755 0.03921368942018653 0.05750496515360974
5 0.6865480898719445 0.44357648456053944 0.02562162628012441 0.038318455534962936
5 0.7055788109327492 0.4528522808396751 0.027275131541796328 0.0399355192372937
3 0.7479490504799927 0.5318329419096008 0.07921560509226264 0.18208830290255767
5 0.7575585398860619 0.46093016486775884 0.022405621018452494 0.03664682813030105
5 0.8340832425310152 0.4776935681331361 0.02396812101845249 0.03670139183263199
5 0.9253606899142968 0.49653782657065665 0.02057010523343692 0.03190476442797028
3 0.9498909820782586 0.5592387232126119 0.04779900512049764 0.15136409255827132
5 0.9375421714984451 0.5024430861893034 0.015336573663405772 0.02236607332097762
5 0.845346966222656 0.48591529590061755 0.017718121018452493 0.03648313702330856