3 0.359375 0.603125 0.2875 0.46484375
3 0.7640625 0.58515625 0.19453125 0.40390625
5 0.36171875 0.41953125 0.053125 0.09140625
5 0.3203125 0.371875 0.025 0.04375
3 0.66171875 0.525 0.1125 0.3
5 0.67109375 0.40234375 0.03046875 0.05234375
5 0.74765625 0.41875 0.04140625 0.07265625
3 0.8859375 0.49296875 0.08671875 0.20625
5 0.9046875 0.40703125 0.01796875 0.03125
5 0.925 0.40625 0.01640625 0.02890625
5 0.7734375 0.44609375 0.0328125 0.0625
3 0.97421875 0.47109375 0.0515625 0.1546875
5 0.98515625 0.40703125 0.0140625 0.02265625