3 0.20416730748637932 0.677826186114333 0.40833461497275864 0.6357692401619189
3 0.4618833382987382 0.5755487924004826 0.21059947559778197 0.4053846200809595
3 0.627820861458102 0.5270747501115417 0.14482031017246655 0.26477290818602894
3 0.8145053782073252 0.5039658779944173 0.09347182588823211 0.19973440637700665
3 0.9182489623677249 0.4960891802329809 0.07893413688926784 0.1553293091359686
5 0.19028878226010093 0.4375763223649516 0.07242727171162171 0.11602114767057933
3 0.3688439677444083 0.5385633695151326 0.19816794209933591 0.3392682971501809
5 0.34416079900932395 0.41274781999010246 0.04531680810555185 0.06939845318850324
5 0.6248478728306415 0.4227590643358929 0.028381865177646404 0.040454581637205854
5 0.8077331474377474 0.43077736148607393 0.021695217535011226 0.030752033016686654
6 0.45360857361642976 0.41691742084918504 0.05818068114108108 0.07786605042954128
3 0.7683217369748306 0.48666551334052466 0.06381855913900925 0.16544793758467105
5 0.7666543831697237 0.4215761018751355 0.017007717535011225 0.03050637155129756
5 0.7822066085626178 0.423957473426433 0.018570217535011223 0.03058825870642732