3 0.24609375 0.59296875 0.25234375 0.47734375
3 0.4671875 0.52265625 0.15390625 0.33515625
3 0.64765625 0.50078125 0.109375 0.25
3 0.7296875 0.48046875 0.0625 0.19765625
3 0.81640625 0.49609375 0.075 0.21640625
3 0.92578125 0.47890625 0.05625 0.16875
3 0.0875 0.52890625 0.17265625 0.40390625
5 0.0421875 0.36640625 0.04609375 0.07734375
5 0.25859375 0.39296875 0.046875 0.07734375
5 0.453125 0.39453125 0.03203125 0.06015625
5 0.646875 0.39921875 0.02265625 0.04375
5 0.7296875 0.39921875 0.01796875 0.03515625
5 0.80390625 0.40703125 0.01796875 0.0375
5 0.8171875 0.409375 0.0140625 0.03984375
5 0.83984375 0.40703125 0.01640625 0.02734375
5 0.925 0.409375 0.01640625 0.02890625
5 0.946875 0.40390625 0.0140625 0.02109375