3 0.138457320873907 0.5317022806460784 0.276914641747814 0.4568998933073793
3 0.8097072612631093 0.6283702584773191 0.2162401359270003 0.42852554250907654
3 0.4947841549098399 0.5506021082498577 0.20032247004775106 0.374827539543327
3 0.7439136248727729 0.5185058271466687 0.08623514427970277 0.19074701680591383
3 0.6137623334029607 0.5265027164625342 0.13213297603820084 0.2987160257031626
5 0.14777028957089572 0.3612133671099251 0.05919643992586621 0.08666701186299815
5 0.5061085792266095 0.4055442762346352 0.041190484390903316 0.0625291749048598
5 0.8427529181566837 0.4662031809107209 0.05083830290255768 0.07072367688202626
3 0.925508365254126 0.5384230322033152 0.07000994355406327 0.17292284684397002
5 0.5506398292266095 0.4073587856261754 0.024910719962933214 0.04314250494291585
5 0.6059448881196169 0.41430646399107623 0.03315972958157989 0.05596083992388774
5 0.9333779181566838 0.46989586668999567 0.01655258293962447 0.02719916996194378