3 0.29765625 0.53515625 0.19375 0.3875
3 0.42578125 0.57578125 0.20625 0.42890625
3 0.69765625 0.52265625 0.10703125 0.29375
3 0.859375 0.49921875 0.06484375 0.19140625
3 0.9203125 0.48671875 0.05625 0.15
5 0.3046875 0.375 0.03984375 0.07265625
5 0.4265625 0.39765625 0.0421875 0.07265625
5 0.340625 0.43046875 0.03203125 0.05
5 0.69453125 0.396875 0.02578125 0.04609375
5 0.85703125 0.41875 0.01875 0.02890625
3 0.978125 0.48828125 0.04375 0.14765625
5 0.9265625 0.421875 0.015625 0.02109375
5 0.98828125 0.425 0.0140625 0.025