3 0.15025661357761783 0.5744091869320493 0.2930157644379395 0.4244735769216895
3 0.5184162611182898 0.5900832669586199 0.28414073418731844 0.5099744292790543
3 0.7050981288011242 0.44072531410591703 0.10124537919390768 0.21872007485477485
3 0.9494157553627531 0.3926173380938504 0.07126698770335978 0.16733735731976349
3 0.8354668848512483 0.417461134412578 0.09496810811666875 0.21374147642635144
3 0.34603220100983123 0.5105884737402644 0.16588966217500314 0.32170383374611505
5 0.13372257766965603 0.4188869330031079 0.05198974687674203 0.07583906203449331
5 0.45722371018321334 0.4147600893321955 0.0631363251355733 0.11228598428423435
5 0.49560495413308914 0.43016461145810203 0.05367951190385671 0.09778683664159918
5 0.5359299722834617 0.3767099716733497 0.03625566256778647 0.056361315963434765
5 0.696790204231285 0.3559329371414464 0.023646578258831142 0.03702911910658786
3 0.7776180234149299 0.4139037948754948 0.09486811416679294 0.19655397642635145
5 0.339073153001621 0.3890045721686878 0.03160452400410509 0.062392992142117173
5 0.55472087889932 0.3828679263880794 0.026917024004105096 0.062174668320799584
5 0.5749197494108248 0.36239060649570326 0.020521578258831143 0.03688356989237622
5 0.6240930476154267 0.35228570637186873 0.017378397540672098 0.0336130206781645
5 0.7631055506404888 0.33721501633944745 0.018922716822512696 0.03056079528527027
5 0.7795936138722054 0.350513382964836 0.017378397540672098 0.0336130206781645
5 0.8263958909995684 0.33583014475166023 0.02051248789975162 0.035321069892376225
5 0.9451368006404888 0.3287367746116151 0.017378397540672098 0.0336130206781645
5 0.8928203217177277 0.33586222394966125 0.015761355386194255 0.024165246071058542
5 0.9060970265381879 0.33446238978926146 0.017378397540672098 0.0336130206781645