3 0.17480649999670472 0.47155793963194814 0.18007287824476323 0.30081758930724706
3 0.4648020288106608 0.5977817214843278 0.28152983278842036 0.5689599155309016
3 0.7286718396882792 0.4369528243692776 0.09315353084255093 0.23956229991529537
3 0.9065104675293008 0.4101719745386868 0.07018758928453721 0.17578822625188942
5 0.4749371392018119 0.3719626741292812 0.05805005357072233 0.10640118942018653
3 0.3693337958567894 0.5048045371846388 0.12535019642598222 0.38504139988706054
5 0.4018445125786064 0.35119441879702223 0.03875458279171564 0.07405912628012441
5 0.16889564488385472 0.3569417027861277 0.03541139448011288 0.06137711575678066
3 0.30706957507778265 0.4771492450206768 0.13886722564697554 0.3546104472421073
5 0.2501183713449044 0.3506469291791915 0.02592730032431163 0.054581084186749604
5 0.7294064508902092 0.3446288164767698 0.024201159090609537 0.04511507892507769
3 0.0839826769442217 0.5550522500705871 0.15645592045139994 0.4680204998588257
5 0.311564385955401 0.3314272213431535 0.03217730032431163 0.05494510523343701
5 0.9068320215070603 0.338987219277015 0.01611592370110628 0.02903505261671846