3 0.1399299447405875 0.5390877218253796 0.2643748667249973 0.4402562213682691
3 0.6327356100811327 0.5721576180241462 0.23350667472945172 0.47179538144438116
3 0.4808725707351787 0.48533273315690495 0.14905785471036168 0.32779603064607843
3 0.8545367900620426 0.42242823756834824 0.07729084802672617 0.19993101581733086
5 0.13405102005090674 0.3697156393158655 0.04780224801081769 0.08159750988583178
5 0.6391839627227702 0.38743244954507705 0.046330654678545004 0.08934634288963732
5 0.09958511338317952 0.3633038132321421 0.03190452800763603 0.05752333992388783
5 0.36994306671704313 0.3561956728905124 0.02712612133990877 0.04951983893530461
5 0.41590954738222496 0.34337999650277784 0.019168170671545325 0.03670150395433271
5 0.4832788607176795 0.356267315666419 0.028743165340545218 0.054271005931498986
5 0.5378481820496341 0.3438827207996153 0.02074885200509069 0.038327670950527096
5 0.8520288607176795 0.3412419045645426 0.019149989337999784 0.03513900395433271
3 0.5802998587284971 0.432039295400464 0.08993629869508961 0.2129403517868859
5 0.5847777260502705 0.3466602109137836 0.019168170671545325 0.03670150395433271