3 0.5925060295586642 0.4874673058122518 0.17784282132453627 0.3223285682605596
3 0.3261596155311838 0.5319354555581379 0.2834970909205775 0.46886891026922994
3 0.7607021000917775 0.485496740182528 0.12974029044572397 0.2774109104104042
3 0.8625002808123053 0.46078589554302185 0.08303512351524986 0.17330026308359248
3 0.9362787616119753 0.468227398244445 0.07862040815498546 0.1824022472985769
3 0.9822826172470436 0.4658234640859303 0.03543476550591294 0.1543836631118273
5 0.34209318942950945 0.353363134525568 0.04905727711788863 0.07773015785015547
5 0.6108802933487176 0.36588073214884587 0.039182171945039104 0.05999662628012441
3 0.7080711935861446 0.45178116381769906 0.09846154671392995 0.220994310438639
5 0.7330508100417651 0.36893857173844163 0.029307066772189572 0.04226309471009326
5 0.7708235946815012 0.3761294454583173 0.032568459092057724 0.04713260523343701
5 0.926306716547398 0.3944636745528042 0.017960389812585475 0.027563557878390377
5 0.9451476447606435 0.396496611412742 0.02117631802583091 0.030870568401734032
5 0.8100224870013694 0.37854181391652103 0.02783549498543527 0.04529708944842144
5 0.8581333780675962 0.39139115343552966 0.016352425705962757 0.02591005261671846
5 0.8692300024407753 0.3962228666038267 0.01621603338609461 0.02122255261671855