3 0.20295357132666442 0.6269883773787555 0.35018421438584396 0.486648245242489
3 0.5597284591900639 0.4833966193159848 0.1814785010084062 0.30124578453190337
3 0.7411862727999328 0.4106739410703878 0.12267194753799586 0.2175214478903042
3 0.8621161318344402 0.40269015901968386 0.11543860174504061 0.20316784946188077
3 0.9581479487108903 0.375376334164909 0.08370410257821952 0.17387845574818703
5 0.15863049891471923 0.4526990068244256 0.0715250747577337 0.0874315334984459
5 0.5297681715590955 0.3687904638154668 0.03452781930985207 0.048330492142117085
5 0.7180986980421991 0.3270994617485522 0.022606973516896466 0.033758569892376224
5 0.8423720783640298 0.3220951304836366 0.022169930942249748 0.027508569892376135
5 0.9479665145020595 0.3077714572004383 0.02238845222957302 0.030633569892376134
3 0.9816209766189896 0.35558821898726256 0.03675804676202077 0.15745293507002261
5 0.9953474819408203 0.290526145165945 0.009305036118359311 0.022529971463952768
5 0.961029243214736 0.3040278730400385 0.01893567029858758 0.025800520678164407