3 0.22565658937712096 0.6474182506365469 0.44774975799503175 0.6926634987269062
3 0.5053208425985748 0.5058734512651395 0.15517033079291398 0.35334427068745355
3 0.6247611890077787 0.488857579248913 0.12819876463433105 0.28272268801718103
3 0.8254288095192834 0.46699002788832333 0.0807692527304745 0.18686474801081765
3 0.9051208546988232 0.4668440298775057 0.0744192587805987 0.16960452267663584
5 0.17249873135864807 0.3737994846435465 0.08355790944452864 0.12908861067790856
5 0.23127428854024043 0.40436768463559236 0.0772806383672898 0.12432838534372674
5 0.2958589633064713 0.3590819092934564 0.04260565651766246 0.07236589600572704
5 0.514663505460949 0.36591152259709414 0.03943520472226432 0.06451703333863605
6 0.09108965007475475 0.34740116398790966 0.055205650467538205 0.08969884667409059
3 0.3860754180287357 0.42209898261459333 0.09953743344863372 0.19020792401336303
5 0.38018396633153345 0.34950636728200235 0.020539758976990362 0.0392988573360908
5 0.6209816831540461 0.3763939419160039 0.026844301131468205 0.04874658267027261
3 0.7043168788011241 0.4652740812380953 0.09820219242562427 0.22925224267981753
5 0.6725123668972675 0.3703252079090042 0.01738748789975162 0.034574994668999895
5 0.6897180476154268 0.3732502132400043 0.023673849336070064 0.0408977200031817
5 0.8343765626425412 0.39344343988705066 0.017378397540672098 0.033012494668999894
5 0.9141095144379395 0.40032869187623293 0.02048521682251305 0.0299238573360908
3 0.9620930173648057 0.45602416120309697 0.06798745159900647 0.13828179734245408
5 0.8539532644379395 0.40102867321773256 0.015797716822513054 0.029869313335454527
5 0.8687742885402404 0.3969497005490509 0.015788626463433174 0.02830681333545444
5 0.7170981590517452 0.379182039902959 0.018922716822512696 0.029905676002545345
6 0.5638549843837102 0.3606513105904126 0.015788626463433174 0.02830681333545444