3 0.33361401424154774 0.5194476002491686 0.18484874043383437 0.3617151573089705
3 0.5980310382456528 0.5634632063584333 0.22759075233769116 0.45973115514950214
3 0.7747384631100795 0.44272350247323533 0.0934510599120669 0.22309514342931003
3 0.8910265384420445 0.414951351024361 0.06819652985783761 0.17774307063492079
5 0.5914941710537978 0.380219909782206 0.044222698672140126 0.08405362739018099
5 0.30857713192438213 0.38037460826873304 0.03633747579950315 0.0710529796419344
3 0.4731168757760621 0.45189225555555435 0.09663969242562409 0.23423290252860857
5 0.47571918012898406 0.3618482464562557 0.023682939695149584 0.04368944324473985
5 0.7710862222834617 0.352298761572534 0.020521578258831143 0.03723918414544123
5 0.3343992885402404 0.3857537206995193 0.03160452400410509 0.06294009099298643
6 0.6569782704880638 0.35179571869693443 0.048782933645025395 0.062479016039128955
5 0.5444600897699045 0.35588004627168557 0.03154089149054773 0.05200259099298643
5 0.8890913337197801 0.35098898057401023 0.017360216822513052 0.030788925046142522
5 0.8648225867448425 0.3439472385935748 0.015797716822513054 0.03068879549649317