3 0.5834826656302032 0.5506284181176084 0.19039398345566488 0.3691090158351177
3 0.6703619274170276 0.5063448721951014 0.1326841832079957 0.2691257362099464
3 0.18250667059260198 0.618540714502334 0.33284696484441495 0.5464564290046681
3 0.8000494274170276 0.5101183930447839 0.09892561331561964 0.24785848997087018
3 0.8834419702210983 0.4914797048024086 0.09270984656639669 0.21490959765100218
5 0.13763501054397 0.4089240221033238 0.062324525640563164 0.09855717194503914
5 0.5635061517764643 0.40649197321131575 0.04502570967712849 0.06216503087881233
5 0.6661217295267233 0.3985551042484127 0.030381012820281585 0.04925585391920828
5 0.7852356025622527 0.40982287635173636 0.026819365177646402 0.039789925705962806
3 0.9860403155491501 0.472969048692487 0.027919368901699926 0.1435059590920577
5 0.8707364549196175 0.4029484022159838 0.02035104135632899 0.0349205692794722
5 0.6905609574008169 0.4374955837944416 0.021840766749222952 0.03340353338609496