3 0.1494170459890142 0.554140254871264 0.2441330625490476 0.3931262573036006
3 0.48174982436054403 0.48430940138326706 0.14081418276559177 0.2773182508107789
3 0.661741201241006 0.49756555763450283 0.13033132383181875 0.2927523360381265
3 0.8381733205996204 0.44529217127206466 0.08045569279472176 0.18880912986961634
3 0.7501959474800822 0.46322573945328377 0.10378554420664762 0.239190959414921
3 0.9226847129194884 0.43913190016874637 0.07535901583511731 0.17466480925276534
5 0.09679581433141425 0.4035732390429514 0.04726745658477529 0.06797843262955983
5 0.15433552969167813 0.41193911810178874 0.044142456584775315 0.06792388555165911
3 0.2261219499873647 0.49423737500164766 0.1363085391920826 0.28348643019392783
5 0.19256295539764107 0.3862845531669806 0.03435827962517113 0.05369774431795715
5 0.4787505079840658 0.3726997455390684 0.027880959092057723 0.04577615016215582
5 0.6636339733443297 0.37884283117345313 0.03105142319868044 0.047393197240056396
5 0.7395970797708205 0.3712700645343617 0.02944345909205772 0.04580342370110611
5 0.8380118477175091 0.3703330815804902 0.021267246239076342 0.03316705600635448
5 0.9199976336108865 0.37046372078559736 0.022829746239076344 0.03319432954530477
3 0.03753578925858961 0.4906562276788657 0.07507157851717922 0.23743754464226866
5 0.038156600224791566 0.4061584967535891 0.027880959092057754 0.04577615016215582
5 0.7069437041439999 0.3663740588523188 0.021312710345699058 0.03472955600635439
5 0.7880345797708205 0.3704245848269011 0.018233174452321598 0.03623750892845372
6 0.011957813077773017 0.3941221469157449 0.022920674452321665 0.03631932954530477