3 0.6802533162650083 0.5082543254296319 0.15782499445597953 0.29694882001909007
3 0.859910724185751 0.5377071101209036 0.2290923206796342 0.39458743602799873
3 0.278279228125 0.5218878515625 0.2706322375 0.5478131359375 0.27123612656249996 0.5712329625 0.2758497359375 0.5751517546875 0.27989608125 0.5669505421875 0.28204745625 0.602399309375 0.291720378125 0.6197597515625 0.30531809062500004 0.626321840625 0.3180649140625 0.6147039234375 0.3210094796875 0.6039966296875 0.33093718125 0.5952490421875 0.35184606875 0.6002624484375 0.3584645359375 0.5944307234374999 0.3560178609375 0.5842242718749999 0.3493993921875 0.5900559953125 0.345356934375 0.5878231031250001 0.3443439703125 0.5661802390624999 0.33414041875 0.5479996109374999 0.3336986046875 0.5280426453125 0.3593465453125 0.5291378796874999 0.387485565625 0.530871171875 0.39945475468749997 0.523672890625 0.37438963593749996 0.49296123437499995 0.36732935312500004 0.4788359921875 0.37562075156249997 0.4771962453125 0.3780752046875 0.466534484375 0.373623671875 0.46607855000000004 0.36925706406250003 0.456919940625 0.374854790625 0.45031356406249995 0.3744534921875 0.4312223109375 0.3667737625 0.43541367031249995 0.3639912703125 0.44958382031250005 0.3500250015625 0.44566440781249994 0.3331702421875 0.41158157968750003 0.335956625 0.38697731874999997 0.326202665625 0.367885446875 0.315051628125 0.3715298078125 0.3094905328125 0.38943600625 0.3129135421875 0.4099855 0.303553103125 0.430853090625 0.29842993125 0.47915036093749996 0.29470773125 0.49427729062500003 0.2764114828125 0.49249908906249995 0.2713849109375 0.5007913609375 0.278279228125 0.5218878515625
5 0.3241691872128737 0.3938800060470887 0.03241765785015547 0.04722044533736351
3 0.52615699375 0.768995871875 0.5829559046874999 0.75890205625 0.5986201906249999 0.7731028265625 0.615254709375 0.764331653125 0.6335383125 0.7325254734375 0.6359331453125 0.68172215625 0.62921693125 0.6401953890625001 0.6091989375 0.62037754375 0.6103936578125 0.6022019703125 0.590386440625 0.553479790625 0.5834403499999999 0.521608825 0.5886466625 0.5163079390624999 0.5913167171875 0.48595225 0.5800061421875 0.4773685484375 0.5756977796875 0.5018549078125 0.5630856265624999 0.49459643125 0.5544850625 0.500212640625 0.55800771875 0.45893899375 0.5449412046875 0.4565399484375 0.5424449046875 0.47604074531249996 0.536907246875 0.45969491093750003 0.5252545546875 0.45836882812499996 0.52549520625 0.41980869062500004 0.52029966875 0.3962052375 0.506784178125 0.3842134578125 0.4872097703125 0.3884405203125 0.4803597609375 0.402324246875 0.4782563140625 0.43021868750000003 0.4779703171875 0.4386753953125 0.466424478125 0.454199665625 0.459063984375 0.47174373281250004 0.461886240625 0.488341828125 0.4589809234375 0.5428054890625 0.45902088281250003 0.587361084375 0.441937390625 0.5865395234374999 0.4075459140625 0.5801000281250001 0.40386566718749994 0.5888720609375 0.40136936562500003 0.6083728578125001 0.41278679843750005 0.633806909375 0.40071969999999996 0.681895859375 0.40382795312499997 0.6900372453125 0.39035242187499997 0.7226010625 0.3872333921875 0.74336401875 0.401377 0.7396414734375 0.4086252484375 0.719699221875 0.40900193749999997 0.7714493734375 0.42273653125 0.8026896921875 0.4423616703125 0.814113890625 0.46239043906250005 0.8050273921875 0.4737679109375 0.7859058453125 0.4829912015625 0.779027478125 0.52615699375 0.768995871875
3 0.40430896875 0.588062021875 0.41133187656250003 0.5824603374999999 0.43917958281249997 0.5907616671875 0.46098635468750004 0.5897256828125 0.461280834375 0.5481245609375 0.46166314374999995 0.5203732 0.4568765265625 0.513888915625 0.4561890328125 0.48722679218750004 0.4628801875 0.4984834078125 0.46474302500000003 0.49039153437499994 0.4607955671875 0.4778901859375 0.4642906 0.45677861562500005 0.45490630468750004 0.435873678125 0.45974347812499994 0.43146490000000004 0.46863807812499997 0.394014090625 0.46515633125000005 0.379489771875 0.447679325 0.365275753125 0.4330799734375 0.3646523203125 0.4326009796875 0.402311175 0.43589821406249996 0.41289323125 0.43473172812499994 0.4238899625 0.4246839265625 0.43670161875 0.41852416718749996 0.496664946875 0.3859182578125 0.53037941875 0.35634610312500004 0.53312665625 0.34378967031249996 0.5402322500000001 0.3459576890625 0.5865538640625 0.3559966375 0.5974994703125 0.366132265625 0.598537578125 0.35896211718750004 0.624939821875 0.365468759375 0.6322541687500001 0.368614325 0.6755154140624999 0.37539330625 0.7006217890624999 0.3892413234375 0.7211120484375 0.40622420625 0.6888489515625 0.402507390625 0.681275428125 0.41130973437499996 0.6418534859375 0.415819584375 0.6424243749999999 0.4159623984375 0.633502446875 0.403091928125 0.609951815625 0.40430896875 0.588062021875
5 0.38368069510538144 0.39222714672181563 0.032144642065139985 0.042532945337363424
5 0.44894167405869395 0.39924076273072434 0.04481124203690499 0.0723477146721816
5 0.6786214687829047 0.38862307809513197 0.037196163111827295 0.048837489337999786
5 0.5028178319794366 0.4272299500715876 0.05987479991529536 0.08969884667409059
5 0.8398774871987562 0.38502700545031276 0.044629231513561504 0.06922271467218151
5 0.8787957740304592 0.3745349481221762 0.02396812101845249 0.03619203866963625
5 0.899290284553803 0.371646305458267 0.02047909997176518 0.029905676002545255
5 0.8658561582736783 0.40878267878735813 0.031037168373499215 0.05032726400381797