3 0.15445881817792376 0.5628608028520188 0.28518884658813803 0.41602022532260163
3 0.5216560008074836 0.593243392244434 0.2741888912304068 0.5014483893530466
3 0.7115116132272294 0.4518186017125238 0.09743192775829605 0.21475751977166357
3 0.9563331895261236 0.4136978833100044 0.06689894805083511 0.16511034684397002
3 0.8425434249156268 0.43397057403219497 0.08953760714144501 0.2097516847906915
3 0.3512832252399384 0.5071506778334283 0.1601149342511176 0.3172405326232447
5 0.14156157751341458 0.40624338832728235 0.04969208279171564 0.07384867688202608
5 0.46461329382819444 0.4157524036131405 0.061256874187573376 0.1102318458553869
5 0.5024269395261234 0.43219314570447515 0.05163641233702023 0.0957873438782205
5 0.5437416862797125 0.3804741368072265 0.03532957386326192 0.05608817391627667
5 0.7053377053544361 0.36685335270110697 0.02247501785690744 0.035266337946721474
3 0.7845809204513999 0.4277325028913874 0.0908273717519414 0.19419035178688587
5 0.34681213920181186 0.3853711783277199 0.030751168019063257 0.06214717292769345
5 0.5626416907439393 0.38830388285289386 0.02603639448011279 0.06039367193911031
5 0.5833945215070602 0.36791312840426954 0.01937729139585791 0.03670150395433271
5 0.6325041773512587 0.35965761802414625 0.016197744317957154 0.033449169961943956
5 0.7715121302733581 0.3508662553628453 0.017705697240056394 0.030387836958138337
5 0.7881774788933863 0.36504150190280427 0.016197744317957154 0.033449169961943956
5 0.8356291773512587 0.3513809085188753 0.01935001785690744 0.03513900395433271
5 0.9536524744291593 0.3496990503061988 0.01619774431795733 0.033449169961943956
5 0.9013496347375849 0.3541756446787109 0.016034103084255236 0.024074169961943958
5 0.9154121347375849 0.3536026417129613 0.01619774431795733 0.033449169961943956