3 0.21536456125526016 0.6331255002117615 0.4307291225105203 0.6615099785297897
3 0.5079289956540127 0.5029249768165869 0.18042663229880312 0.34420356826055976
3 0.748618483040141 0.464736919149958 0.09535717313564333 0.2300962946536235
3 0.8439037011889756 0.45996684818797523 0.09502979092165802 0.2207212946536236
3 0.949191401914615 0.43668199565596133 0.06730160580511538 0.14114021046687403
5 0.23991066035213543 0.3859928949783245 0.07402283175849825 0.11034523677523325
5 0.5227231603521355 0.3695209426157199 0.03957342068857237 0.06155912628012441
5 0.7589235551799923 0.37057739547243473 0.026309528855940557 0.038956084186749604
5 0.802646273328827 0.36881049814562294 0.019786710344286095 0.030779563140062118
5 0.8508655185195035 0.37223933503379564 0.024801592558271322 0.04042757892507769
5 0.8858307955613455 0.375660466646179 0.02156746515360979 0.037120568401734035