3 0.21324021585669944 0.5652703690519593 0.33631677376317726 0.5188343678708328
3 0.4429568907615592 0.5341741695922642 0.21282624113993248 0.3600545901960187
3 0.6248608067691703 0.5436558409138088 0.15444605536065764 0.2675198606144388
3 0.7095859752482395 0.5380085308396751 0.09740287650146513 0.20779763103285873
3 0.7920655528148377 0.5682714389143759 0.1138555474519924 0.2286557680561673
3 0.9022854698110322 0.5705556799287013 0.08681820357377176 0.1777827488188736
3 0.0947156393158655 0.47458582694917484 0.189431278631731 0.43042165389834963
5 0.05324176924019085 0.306197925497896 0.05962435079830275 0.08477679328391083
5 0.26110600737719275 0.36978674346139606 0.06118685079830275 0.0848313569862417
5 0.4521156679475965 0.4054043288480913 0.043235346843970034 0.06548115626060227
5 0.6422485780237087 0.44333838238362117 0.030035009885831698 0.047857146641955416
5 0.7238023255522508 0.457921726755991 0.02496550790866543 0.038318455534962936
5 0.7957264050960153 0.47842768891437587 0.025029174904859806 0.03988095553496276
5 0.808035404107432 0.4835516985330227 0.02046900889724874 0.042842264427970275
5 0.8306598206093347 0.4851241222168202 0.021522172927693362 0.030396828130301045
5 0.9144618176435854 0.5021330621426863 0.021585839923887917 0.03195932813030104
5 0.9372135681378768 0.5005804858264838 0.01814250494291585 0.02403770072563951