3 0.14193957125322965 0.49940165802036274 0.2838791425064593 0.49567831604072554
3 0.3792267111387953 0.5118220313892248 0.24204061227390278 0.3416260680299077
3 0.6482980837486143 0.558735583426132 0.16363620758582584 0.2876283640197263
3 0.7519354210409729 0.6373429361075404 0.24993225786268097 0.39168061203054394
5 0.09769251619601246 0.3177789406826811 0.06674501387966063 0.0913340720082724
3 0.20457596699889144 0.4433340186982713 0.24406418722776016 0.3244749306969986
5 0.21682324799741517 0.3254198126989076 0.04785531153562219 0.0645715773392725
5 0.4139998342100396 0.38400611405949725 0.0412047933370248 0.05824885200509069
5 0.7676476634828338 0.4897594114417222 0.05500647748246603 0.07870680267345413
3 0.5856071190660748 0.5243873080839961 0.1252955983942421 0.24971019334818118
5 0.6120275215946833 0.4293111654200869 0.03082849784053181 0.04251476400381797
3 0.48408419186046386 0.49818734006999676 0.1442458574935408 0.2530533693507264
5 0.4973234739387218 0.40139415607095125 0.03289164558877822 0.050345445337363515
5 0.6625386613233655 0.4463173994270866 0.031128886489479514 0.047202264003817974
5 0.6775128192506449 0.45665546276254104 0.028204145588778217 0.05029090133672707
3 0.8421982780730882 0.5586463187857673 0.10430317550756776 0.19013519867918127
3 0.927585065550017 0.5682400421307667 0.08274954811738695 0.14616702267663584
5 0.1248557934939084 0.30871302335295364 0.058031347932816724 0.07718066534054513
5 0.7513811158268722 0.46298782610594963 0.022114831893687813 0.028361357336090798
5 0.8272427089793268 0.47481621144967645 0.02065246144333699 0.029905676002545435
5 0.8570105521317817 0.4861082474538126 0.02427810919158375 0.03775453866963616
5 0.9405146645625679 0.5128803801320394 0.02065246144333699 0.029905676002545435
5 0.7889020997877433 0.5118980407781313 0.04845608883351815 0.0739465773392725