3 0.2265625 0.66953125 0.41171875 0.66015625
3 0.503125 0.51171875 0.12890625 0.34375
3 0.62109375 0.4875 0.1078125 0.275
3 0.8203125 0.45390625 0.0671875 0.18125
3 0.9 0.44921875 0.0625 0.16484375
5 0.1625 0.39921875 0.07421875 0.12265625
5 0.2234375 0.42578125 0.06796875 0.11875
5 0.284375 0.37734375 0.0375 0.06875
5 0.503125 0.37109375 0.034375 0.0625
6 0.0796875 0.37734375 0.04921875 0.08515625
3 0.37890625 0.43515625 0.0859375 0.18359375
5 0.36796875 0.3625 0.01796875 0.0375
5 0.61015625 0.37578125 0.02265625 0.04765625
3 0.69921875 0.459375 0.08203125 0.22265625
5 0.66171875 0.36640625 0.015625 0.03359375
5 0.67890625 0.36875 0.02109375 0.03984375
5 0.82421875 0.38046875 0.015625 0.03125
5 0.9046875 0.38203125 0.01796875 0.02890625
3 0.95625 0.43515625 0.0578125 0.13359375
5 0.84453125 0.38671875 0.0140625 0.02890625
5 0.859375 0.38203125 0.0140625 0.02734375
5 0.70625 0.37265625 0.01640625 0.02890625
6 0.55234375 0.36328125 0.01328125 0.02734375