3 0.7205846534363305 0.4009373852345658 0.14220959068231737 0.27546474672063964
3 0.25622226028830697 0.47932789461836156 0.1648348631835545 0.23146244120271575
3 0.3865305580043148 0.45448062358746244 0.15652439620024125 0.25128361827193724
5 0.6949085447753317 0.2996581682512526 0.03198034034363317 0.04530585594746528
3 0.8476074988683463 0.3582441949363612 0.10160452283992143 0.18451884215265535
3 0.9056313608087052 0.32935123304143066 0.08763055404758617 0.1557387449116173
3 0.9554150579485441 0.3280476826118894 0.08916988410291182 0.16724945499752558
5 0.2392594103337355 0.3948267418593996 0.02540279172311406 0.03872830732694625
5 0.3583436030067892 0.3650839309144087 0.024085953188503328 0.043333920171816497
5 0.34242867593756776 0.3753187460432711 0.025320904567984213 0.03716580732694626
5 0.8916640360689044 0.27211194312733894 0.020142081637205676 0.027545145861557076