3 0.18819985048453264 0.6428986734939967 0.3763997009690653 0.6107973469879934
3 0.6699315436599277 0.4932051124906602 0.14691783070981845 0.27621243145709157
3 0.5171836020740164 0.5125481047393269 0.1701039584337593 0.2962365051204976
3 0.8240456072697967 0.5665046465503529 0.2449397034900806 0.40952473137238704
5 0.10771004910780935 0.4228067103962868 0.07796074505632147 0.11347023677523324
5 0.8269406503486465 0.4129246202419937 0.05557229282674854 0.08259966837349916
5 0.6609003871070949 0.3867808072431059 0.03107503737886681 0.043825594710093264
5 0.2152165465099193 0.41102631818997254 0.03798060124083724 0.05356461575678075
3 0.3038587934078262 0.5456203970444631 0.21633410224924346 0.35650614718563745
5 0.2729197858662576 0.415956012871831 0.048666728964778014 0.07286064732681172
3 0.4403861552923251 0.5002308442865703 0.14102846362953936 0.2587519156720761
5 0.43918392423386016 0.405244567978211 0.031184298022528624 0.045388094710093266
5 0.4810654216359701 0.38964195478167907 0.024060212873234833 0.03252407366340595
5 0.5189096290613231 0.3981215836926394 0.03452781930985207 0.04869510523343701
5 0.5650962142106171 0.388260736281123 0.02605975544788173 0.03886507892507769
3 0.6166644320275303 0.46970742833214557 0.09814184110137862 0.2017892841302799
5 0.620619594532448 0.3907101730704737 0.021262994804219913 0.037029563140062116
5 0.8447508632218813 0.38258467285871217 0.022825494804219915 0.037120568401734035