5 0.4056196740929048 0.6704885377567972 0.43390775875235976 0.6461458907363236
3 0.6656742847310425 0.4511655857652134 0.12785446936663475 0.24967759618646848
3 0.8878214573917701 0.3996402581830665 0.094314716024817 0.18603175843752054
3 0.7963970260582245 0.4012697347694215 0.09284312269254436 0.19378969473518967
3 0.9698959713558171 0.3763540364060348 0.06020805728836578 0.16004961179556512
5 0.3888208833943153 0.43582336107777486 0.08116018801718106 0.12934524881887371
3 0.3093430160725421 0.5237896417478141 0.16887945870463464 0.28547125244707067
5 0.2824708860598154 0.4309399428362731 0.04300566000954502 0.07178571996293304
5 0.31125895739177 0.4197742643431523 0.03971702800763603 0.057614092558271365
3 0.4803913127386785 0.5139086663425853 0.15207376670908895 0.31768355172143126
5 0.43767600672340645 0.40285460445435295 0.04453179734245403 0.06871528366526398
3 0.08317141474376918 0.5652951285857881 0.1563794587046346 0.2850347428284238
5 0.6473504513844521 0.3541095364908528 0.02543635200509069 0.03837301923729371
5 0.7822612533815887 0.3282960262392338 0.020694308004454244 0.033521828130301044
5 0.874466934715134 0.32663926780171326 0.01749658267027243 0.02716270072563933
5 0.975157278047407 0.3153074090013731 0.019113626670908702 0.03190476442797028
5 0.01952599073040616 0.4690401766790223 0.02872498400699968 0.05254464664195542