3 0.6751294964562558 0.4323486243551601 0.1088090052417872 0.26474431043863905
3 0.20745064312476816 0.4307894554875508 0.13831723010335972 0.215092920933748
3 0.3391314397009955 0.4285682608762795 0.12888167334809958 0.23789338410204497
5 0.6794944262827602 0.3277976322476679 0.02604086829088246 0.04199007892507769
3 0.8095743476282748 0.4112864244822171 0.07976425046142524 0.17587923151356133
3 0.873075643124768 0.3920212140153431 0.07024954811738696 0.1488617052052021
3 0.926280986277223 0.3998190324876643 0.08022532541528307 0.15878273677523325
5 0.2153015183554808 0.344715447595043 0.0210529796419344 0.037029563140062116
5 0.3381079626799548 0.33522778455380287 0.01979086829088228 0.041626057878390375
5 0.3197386944813575 0.34252434506302915 0.020952850092285046 0.035467063140062205
5 0.8768305012366178 0.33342746401534307 0.017227072794388933 0.02591005261671846