3 0.1682072307294889 0.5806696753102515 0.28549900151260926 0.44803564937949697
3 0.5864877011442922 0.4722096883088822 0.1316534636295394 0.25488137978345565
3 0.7697372437189391 0.4731403878340285 0.1129363146182751 0.2325062746106063
5 0.12204850670838936 0.40195965360263913 0.050447750252101554 0.07475595909205772
5 0.5701200199499412 0.37248247294861836 0.02795003737886681 0.042914925705962934
5 0.7547517460647276 0.3819841904204533 0.025950494804219914 0.03661946159934022
3 0.9039101479259835 0.4551452426111666 0.08865758045771699 0.19749477711788863
3 0.9782281788485626 0.4259458244270511 0.04354364230287473 0.14400606426490725
5 0.8952674854210659 0.37632992082441197 0.021153734160558456 0.03492056927947216
3 0.9450050414893661 0.43829271173235423 0.07139367080279087 0.17360263605166182
5 0.9305494215590955 0.36590924637209027 0.015701409654926123 0.023846676959604095
3 0.8697318898802118 0.4365687388502429 0.057691803722511634 0.15605142319868043
5 0.872556605099235 0.37620790037044083 0.016138452229573018 0.030096676959604097
5 0.9802052141337423 0.3707271270134759 0.014248170298587581 0.025363712852981467