3 0.22426833530187723 0.6308792416202228 0.44853667060375446 0.7305084832404456
3 0.48369288748664474 0.5263127282258806 0.19379965153609682 0.3646488363682311
3 0.6041963604448026 0.5243447144358271 0.16009428493120836 0.2934270542357774
3 0.8058134241471336 0.5286470841901529 0.10191470798203354 0.1918358105039836
3 0.8852281056354794 0.5387782536279098 0.09350200725639439 0.17442098997087002
5 0.16989082623138457 0.35295281842154236 0.09682541469812275 0.13549488229073817
5 0.22488586107777492 0.3905270262599589 0.09041172359113014 0.13062552586424747
5 0.2941914217848809 0.35422346489804546 0.05100199400955017 0.07484688730530316
5 0.5103967751429254 0.3886679757185982 0.046096239200226916 0.06846049498543509
6 0.09296622768266341 0.31630461309040825 0.0657192584375205 0.09400606426490725
3 0.3760564914776615 0.4285535266556703 0.12088296279135698 0.1986313797834558
5 0.37940223548721175 0.35513875870898165 0.02485615626060227 0.04130696159934022
5 0.614347665161459 0.41280782086231776 0.03143353847458741 0.050863818025830954
3 0.6859647156169458 0.5118650979802065 0.12375499164729753 0.23617684389007837
5 0.6667459788637897 0.41276836843417763 0.02156746515360979 0.03652853338609478
5 0.6829612559056317 0.4187144915537157 0.028035719962933036 0.04296038981258552
5 0.8239483544543529 0.45722672525637975 0.02145833774894825 0.03340353338609496
5 0.9023635311333752 0.4735851626408252 0.02296627404661713 0.031886497492717505
3 0.9432315785936373 0.5349916755729489 0.0830357332097769 0.14289820533113406
5 0.8423709722403678 0.467147294535852 0.01984127404661713 0.03179556927947225
5 0.858077817793864 0.4652581856020788 0.01978671034428601 0.030233069279472245
5 0.7092509373939775 0.42729988136630137 0.02140377404661713 0.031841033386094966
6 0.5603967751429254 0.39012282713052393 0.01822421034428636 0.03018760517284953