3 0.32922737052434237 0.5727597497176513 0.29825111533325777 0.49543141026922993
3 0.5687302153050228 0.540771815276788 0.17528551024099492 0.3091915314288567
3 0.7235388126459521 0.5785965809206292 0.134751515502667 0.3083878946253886
3 0.8444582573983975 0.5692887413310334 0.10767380503579282 0.24452281570031092
3 0.9602832300569691 0.5690373833255862 0.07943353988606176 0.16659523677523325
5 0.32846298912372046 0.38585128391851836 0.06143729991529536 0.09233868942018653
5 0.5812085575254545 0.4208156310476861 0.031037168373499215 0.051638094710093264
5 0.6904393443571575 0.4380779967338796 0.025712631541796326 0.04042757892507787
5 0.7187841522355478 0.45685808881313694 0.03416216837349921 0.05182010523343692
5 0.8408411627588915 0.46708149922354114 0.02534861049510866 0.03417757892507769
5 0.6057227101139381 0.46740220471109195 0.025530621018452493 0.03730257892507769
5 0.9604025048381487 0.5012961464797657 0.015336573663405772 0.02269404735504672