3 0.2703125 0.665625 0.353125 0.66484375
3 0.57421875 0.46953125 0.0796875 0.1875
3 0.1265625 0.56640625 0.18046875 0.47890625
5 0.175 0.375 0.05390625 0.0875
5 0.28203125 0.39375 0.065625 0.11875
5 0.4 0.37109375 0.0390625 0.07109375
5 0.76015625 0.38828125 0.0203125 0.03984375
5 0.90859375 0.4 0.01640625 0.03359375
3 0.96328125 0.46484375 0.053125 0.16484375
3 0.909375 0.47421875 0.05859375 0.18359375
3 0.7609375 0.48828125 0.07890625 0.2375
3 0.68359375 0.478125 0.0859375 0.20234375
3 0.43046875 0.51484375 0.1703125 0.36015625
3 0.53203125 0.44140625 0.05390625 0.15
5 0.57578125 0.39140625 0.01796875 0.03359375
5 0.96875 0.39921875 0.015625 0.02890625
5 0.42578125 0.378125 0.02734375 0.06015625
5 0.6671875 0.39296875 0.0203125 0.03125
5 0.79140625 0.38828125 0.0140625 0.02734375
5 0.53203125 0.3875 0.0140625 0.02734375
5 0.6859375 0.39765625 0.01640625 0.025
5 0.696875 0.3875 0.015625 0.03359375