3 0.1664194538658718 0.48891441679374986 0.3049972749876281 0.4596711664125003
3 0.6431191519659925 0.5998427718484022 0.3002212437799635 0.487650696047778
3 0.5012448332190855 0.4897255022811107 0.19556696404263718 0.33695840539458344
3 0.8780939382620396 0.4864296628065965 0.10595783016686795 0.20534342306201392
5 0.1678137782669884 0.32149052745107626 0.05910940637700657 0.0856478656913195
5 0.6679952419709412 0.41779268484243 0.05951884215265544 0.0934603656913195
5 0.13434618102595036 0.30975424686586794 0.03904921189493056 0.06021145459715278
5 0.4037036906368888 0.34494163877399275 0.03387038896415202 0.05072735182361114
5 0.45033302917149953 0.33916311103857605 0.02540279172311415 0.03804551386770836
5 0.5164869736535755 0.36265385600458294 0.03567855042954129 0.05545121941479163
5 0.571051642920881 0.35903724031326345 0.027047178878243726 0.03964438145888893
5 0.8840329997728574 0.4057245234639229 0.023758404567984216 0.03644664627652787
3 0.6049120658062309 0.4528956898764231 0.12075731456303558 0.219733231382639
5 0.6177186030067892 0.368901896373437 0.02384029172311397 0.03800914627652778