3 0.2681635860482199 0.5014114673134921 0.2731807089542545 0.41396354781181854
3 0.3853234305757244 0.5608677596643614 0.2942235492978876 0.45782263212077384
3 0.6624181970840678 0.5491025161072691 0.16761238240543133 0.3071317648307229
3 0.8255766163513731 0.5504963235834491 0.1041496687014785 0.198982921544777
3 0.8882403906616327 0.5470077092202643 0.08787621551297527 0.1567136083130606
5 0.30842449513875997 0.3441938649523599 0.05409435775648763 0.07841589149054773
5 0.42344198552782153 0.3849183380213886 0.057219357756487635 0.07843407220870705
5 0.3318343396662645 0.4041955788480064 0.041928550429541286 0.054914758976990365
5 0.6861157259168831 0.4247837721573934 0.0354328889641522 0.05019089754067192
5 0.8406903612629906 0.47074519106989177 0.025075243102595124 0.031386355386194255
3 0.9408331241532893 0.5568548870115574 0.06739994120271575 0.15347043364502538
5 0.9079221268668227 0.48441226044992847 0.019978307326946165 0.023546584308955332
5 0.9658607796257848 0.4965713719844427 0.017017081637205677 0.026653403590796286