3 0.13615103142678212 0.5186125453135009 0.27230206285356423 0.47527490937299816
3 0.4843111179134583 0.5087893659293669 0.1814785010084062 0.29562267735518083
3 0.6814046392007818 0.5033735179026408 0.12267194753799586 0.21375451201463566
3 0.7953525247183928 0.5371752585535052 0.11543860174504025 0.1996192866804538
3 0.8962594608564224 0.5453684718730513 0.0884719101591294 0.17120338534372692
5 0.13366589775075655 0.34347618531191004 0.0715250747577337 0.08513861600890867
5 0.5080760358662576 0.39220130259391245 0.03452781930985207 0.047238626670908876
5 0.6967889746021771 0.41732692990136816 0.022606973516896466 0.033048857336090795
5 0.811971578188803 0.4557979892186871 0.022169930942249748 0.026798857336090796
5 0.914238918533877 0.47802643053791505 0.02238845222957302 0.0299238573360908
3 0.9357043731092384 0.5394451885344151 0.06237930372251164 0.15528748400699968
5 0.9633484078902151 0.4790162185312335 0.0062171490112643115 0.02192954400063627
5 0.9282467882120461 0.47864404853600606 0.018935670298587937 0.025199994668999894