3 0.15549661112819435 0.6138388618124774 0.3109932222563887 0.5589277236249547
3 0.5737945989719233 0.6488761073366571 0.28757495374218217 0.4866336165928395
5 0.12922441618808844 0.40771926973975675 0.07149222376899797 0.11035531153562221
3 0.2983769875 0.5835093390625 0.2947555546875 0.5502650265625 0.3014042375 0.5086487234375 0.2817010578125 0.48719952187500004 0.2763662734375 0.44281458437500004 0.265998790625 0.4457050390625 0.26259170625 0.46718728593750003 0.2668750828125 0.49503884375 0.25377208906250004 0.48256655000000004 0.241506146875 0.43190108125000004 0.2567604609375 0.426846915625 0.267711778125 0.35017770000000004 0.227468365625 0.345472475 0.2175780859375 0.4072228328125 0.19607417968750002 0.44436719843750005 0.1769066984375 0.5064004109375 0.18274756875 0.515288546875 0.20355065468750003 0.5026779140625 0.20625692187500003 0.5057294046874999 0.21270124531249998 0.48460227031249997 0.22141386875000002 0.4951937046875 0.2209759046875 0.5238607859375 0.227663821875 0.5697714671874999 0.2207619171875 0.5758021890625 0.24002712812500002 0.625918471875 0.23876173281250002 0.661326496875 0.2654934296875 0.6945377671874999 0.26225183125 0.7146718234375 0.279706325 0.74816595 0.296907596875 0.7460744953125 0.3183726265625 0.72807110625 0.3325462875 0.69417230625 0.3376082296875 0.6592081703125 0.333032753125 0.6149120124999999 0.319637659375 0.58599511875 0.2983769875 0.5835093390625
5 0.24140198809583052 0.38587215299003386 0.05066627153942509 0.07946625693983034
5 0.314276759383154 0.38740317704872734 0.033074579953513795 0.05033996144333717
5 0.5692102778204859 0.45631836751569 0.05411905347041017 0.08435401603912887
5 0.5983843255909129 0.4880084585086764 0.050119968321116204 0.07165375693983034
5 0.8699533229930229 0.487362120598009 0.024715776735204996 0.04202681369509058
3 0.9283178440282448 0.5617298673588065 0.08033162822814396 0.1700307001845701
5 0.8925549426711921 0.4895952490679242 0.019263452229572663 0.030788925046142522
5 0.9368676713838685 0.49557394123292975 0.01904493094224975 0.027663925046142523