3 0.5796875 0.51015625 0.128125 0.29765625
3 0.31875 0.57578125 0.2125 0.42734375
3 0.746875 0.49453125 0.08671875 0.26015625
3 0.8453125 0.46171875 0.05625 0.1625
3 0.9203125 0.46328125 0.04921875 0.17265625
3 0.98046875 0.45625 0.0390625 0.14765625
5 0.31484375 0.39765625 0.0375 0.07109375
5 0.584375 0.38828125 0.03046875 0.05390625
3 0.690625 0.465625 0.06328125 0.20859375
5 0.70625 0.38125 0.02265625 0.0375
5 0.7453125 0.38515625 0.02578125 0.04140625
5 0.90234375 0.390625 0.0140625 0.025
5 0.92109375 0.39140625 0.01640625 0.02734375
5 0.98828125 0.39609375 0.01328125 0.02265625
5 0.784375 0.384375 0.0203125 0.04140625
5 0.83359375 0.39296875 0.01328125 0.02265625
5 0.8453125 0.396875 0.01328125 0.01875