3 0.22265625 0.66484375 0.37578125 0.61875
3 0.87421875 0.55078125 0.146875 0.38359375
3 0.5703125 0.5 0.12890625 0.31640625
3 0.45859375 0.46328125 0.1125 0.23359375
3 0.80390625 0.46484375 0.0796875 0.20234375
3 0.1546875 0.490625 0.10078125 0.31640625
5 0.17734375 0.365625 0.0375 0.0625
5 0.2375 0.41328125 0.0671875 0.11484375
3 0.34296875 0.509375 0.18203125 0.33359375
5 0.3453125 0.37890625 0.03671875 0.06484375
5 0.8875 0.39453125 0.03671875 0.06484375
5 0.57421875 0.371875 0.0296875 0.05234375
5 0.45625 0.37109375 0.02265625 0.04140625
5 0.41640625 0.365625 0.015625 0.02734375
5 0.4359375 0.36484375 0.02109375 0.04140625
5 0.80546875 0.384375 0.0203125 0.03515625
3 0.9625 0.45234375 0.06015625 0.14765625
5 0.9703125 0.39140625 0.0140625 0.025
5 0.24609375 0.35078125 0.0234375 0.03984375