3 0.153125 0.50078125 0.221875 0.37890625
3 0.36328125 0.45703125 0.11953125 0.22734375
3 0.5640625 0.48359375 0.11171875 0.25234375
3 0.71328125 0.47265625 0.075 0.23359375
3 0.86875 0.45546875 0.06484375 0.19375
5 0.09375 0.34921875 0.0390625 0.07734375
5 0.13828125 0.37109375 0.03671875 0.06640625
3 0.94453125 0.44609375 0.05625 0.16875
3 0.784375 0.453125 0.0609375 0.18984375
5 0.35625 0.36640625 0.0234375 0.04140625
3 0.6546875 0.446875 0.06328125 0.18515625
5 0.56328125 0.37734375 0.02265625 0.04140625
5 0.59609375 0.375 0.01796875 0.0375
5 0.65234375 0.371875 0.01796875 0.02890625
5 0.7125 0.375 0.0203125 0.03515625
5 0.8671875 0.37578125 0.01640625 0.03359375
5 0.803125 0.378125 0.015625 0.02890625
5 0.784375 0.378125 0.01796875 0.0375
5 0.84453125 0.37421875 0.01328125 0.02734375
5 0.94609375 0.37578125 0.01171875 0.02890625