3 0.878041416615417 0.4819421845580895 0.10828166560701077 0.20999455547083343
3 0.7091821559717552 0.48430738440558974 0.14135624556052448 0.25912303970326395
3 0.506128211787954 0.47886073746347185 0.18671230422671492 0.30541746466513897
3 0.30615570893796235 0.42795612015663165 0.18866828813517156 0.2664640674386807
3 0.951478916615417 0.4802329077726034 0.09279877723940828 0.18935474715020834
3 0.791284461787954 0.4722236520730202 0.10482888367602569 0.20523432028847227
5 0.513504033191493 0.3605283115516663 0.03619957995351371 0.04920121941479163
5 0.30056163677811865 0.32557600256545116 0.03430929802252862 0.04447735182361114
5 0.7130723444555732 0.3832715612673258 0.031184298022528624 0.04440461664124999
3 0.5716768021330279 0.45385943104270793 0.13448353268728983 0.22776393692972233
5 0.5431751076971251 0.370793011114826 0.03474634059717552 0.05072735182361114
5 0.5702457060879708 0.3662503282691662 0.029731058666190257 0.04593074905006951
3 0.6373018021330279 0.4523319922131245 0.11264138367602552 0.20541615824437506
5 0.6441202486626177 0.37079105148368 0.024387994804219916 0.036446646276527786
5 0.8822429615358522 0.39654954521541597 0.02416947351689629 0.03332164627652778
5 0.7934700386393745 0.39157306411711745 0.022934755447881726 0.0379727786853473
3 0.841989302133028 0.4475678377684716 0.05794317599857095 0.1370648953265972
5 0.6016049667316324 0.36708547644555506 0.022497712873234654 0.03172277868534721
5 0.9563360253978228 0.4042152684299298 0.01926345222957302 0.030087543502986057
5 0.846868190248529 0.3942428160169785 0.01904493094224975 0.026962543502986148