3 0.1953125 0.49921875 0.1984375 0.32890625
3 0.428125 0.56875 0.29921875 0.46875
3 0.609375 0.48046875 0.1046875 0.24765625
3 0.74140625 0.475 0.0859375 0.23984375
5 0.13359375 0.37265625 0.034375 0.06015625
5 0.18828125 0.36640625 0.0328125 0.0625
5 0.4234375 0.37734375 0.0484375 0.0875
3 0.9140625 0.45546875 0.0671875 0.17109375
3 0.79609375 0.453125 0.065625 0.19609375
3 0.5484375 0.46328125 0.065625 0.22265625
3 0.34296875 0.465625 0.08125 0.24765625
5 0.365625 0.36328125 0.02578125 0.04609375
5 0.74140625 0.37265625 0.0203125 0.0375
5 0.5578125 0.371875 0.01875 0.04140625
3 0.70859375 0.45 0.04453125 0.17109375
3 0.6734375 0.434375 0.05859375 0.16015625
5 0.6640625 0.36875 0.0140625 0.03359375
5 0.9171875 0.38515625 0.01640625 0.03125
5 0.61640625 0.37734375 0.0203125 0.03984375
5 0.6 0.3625 0.015625 0.02890625
5 0.7890625 0.36953125 0.0203125 0.03125
5 0.71875 0.37734375 0.0140625 0.02734375