3 0.41368310951813037 0.5231547887135465 0.22841275371301503 0.42465524830195706
3 0.6584251798438832 0.5583658937430769 0.2435318114248961 0.5004562846991515
3 0.9425223829317755 0.3976544270579526 0.06543157095872516 0.17724242288667424
3 0.7435491695922641 0.417452194638241 0.09135915389834963 0.20540699568106327
3 0.8235367699550838 0.4209393376061256 0.08280260943331257 0.2282437183831675
3 0.9830010168750409 0.38663778146917427 0.03399796624991822 0.1639413864894796
3 0.5636086984482047 0.46656722239756226 0.13289686787083282 0.32343510487264704
5 0.3985789207733905 0.3596930660114423 0.04486112141421188 0.07926599784053164
5 0.6631870577966991 0.35839617212070707 0.05439981252120454 0.08455427513842757
5 0.5413294159640671 0.3442812122185295 0.03650298439090349 0.06314035009228505
5 0.9377505481780524 0.32827337138242657 0.01995040145127902 0.03557655459579188
5 0.8171379478152325 0.3273895967054243 0.021512901451279022 0.03567668414544114
5 0.9935888146517892 0.32217476327057704 0.012822370696421715 0.029226425046142524
5 0.5092981659640671 0.3463338679863405 0.023511911069925694 0.048276813695090494
5 0.5579266389222252 0.3486986019472116 0.0317063569862416 0.05971496144333708
5 0.7229067981780523 0.3420411844592082 0.021294646641955416 0.02942668414544123
5 0.7417386437315485 0.34318337986341635 0.018005955534962936 0.024538925046142523