3 0.3200323132389947 0.5271518106976337 0.26865580779669906 0.40148172852997777
3 0.6165799310250095 0.5160496424725064 0.14995539309857636 0.2680056323171655
3 0.18140383365741475 0.4732597171171003 0.24040183302444257 0.3528896924256241
3 0.7774628673226787 0.5135508354873057 0.10385915389834963 0.20056360226293624
3 0.879280827666965 0.5426520073266705 0.10202383538669509 0.19274201190385654
3 0.9669147146054555 0.5538162454228137 0.06617057078908886 0.1660704275949012
5 0.3444816978152326 0.3769790938751211 0.054181557711881115 0.07529998184962743
5 0.1692535193221117 0.3490864189124984 0.05456350362819706 0.08623748184962743
5 0.20826145561978082 0.34729665993550796 0.047658739200226764 0.06745112041330889
5 0.6261508492665113 0.40972237442032966 0.028035719962933213 0.04234203610435348
5 0.7856449003549704 0.4345809529737485 0.023129965153609787 0.03606476502711473
5 0.8868180199550839 0.46759291999265296 0.021349210344286364 0.02980567466803503
5 0.9868006617877159 0.48889068219109716 0.021349210344286364 0.02980567466803503