3 0.14239187340863288 0.5467700422345491 0.27718394939526986 0.4720849155309018
3 0.4201259747374058 0.49697735565696 0.17869081070972537 0.32738008930724705
3 0.6959072247374058 0.48091492697187865 0.10788741470399828 0.28109735253201384
3 0.8153572060789054 0.5341547770848181 0.1746032947167251 0.3786695735222315
5 0.09893113271799765 0.3726191816688531 0.04941929201145401 0.08719616311182729
3 0.23218962273231517 0.4703979870575819 0.18316013470717998 0.30890310509226265
5 0.21754477271640676 0.35398403178179255 0.036628390674726875 0.06146812101845249
5 0.4240674927195885 0.3654088372411085 0.030323846674090583 0.05641659997176518
5 0.7972419107256337 0.3882353323323725 0.039917022676636014 0.07571263154179615
3 0.6253310954009969 0.4623539137471118 0.07623742536599849 0.2449022472985769
5 0.6296726027211793 0.3651603953312604 0.022347714672181596 0.04189907366340586
3 0.5197623480664969 0.45990301890996166 0.0949874253659985 0.245994310438639
5 0.5100413553866794 0.36352854784915684 0.023982940006363408 0.04824007892507778
5 0.6836697593889065 0.3698332138035816 0.022384077339272324 0.04502407366340586
5 0.700157825389861 0.3759089085560271 0.01775112133990895 0.049438557878390375
3 0.8853691667329515 0.437045287678749 0.066189716024817 0.18654371572854575
3 0.9727215266947715 0.4270794825017818 0.05455694661045705 0.1425206999435303
5 0.12299534138286136 0.35792735011293947 0.04302384134309047 0.07433214206513998
5 0.774312940722452 0.36611740862661435 0.017478401336727244 0.026001057878390375
5 0.8516385093889065 0.3600501481738578 0.014389764003817973 0.02894404735504663
5 0.8837333940563156 0.3636532903095849 0.01760567067154497 0.03693855787839038
5 0.9721600947246791 0.3710114930251254 0.014389764003817973 0.02894404735504663
5 0.8224509960614063 0.4047479981456229 0.03517497867599957 0.07075211575678075