3 0.20464212144287997 0.5024672586378733 0.25369199061684605 0.3802439142488009
3 0.766950733327379 0.519795944638241 0.2011897034900807 0.4079893800110746
3 0.4359413979259836 0.4546853909652998 0.13023307526193686 0.23855945712440044
3 0.6123453607992182 0.4747709461794004 0.14775906487037654 0.311235493521595
3 0.8815816798569687 0.43083596931524326 0.08226546882531949 0.21993057063492077
3 0.9424263447076748 0.4143808521040951 0.07339321337743776 0.1820300524363235
3 0.9876578091703934 0.39850672579364826 0.024684381659213273 0.15642927513842758
5 0.7349309189612054 0.3648976935585068 0.042525989608439826 0.07427810919158376
5 0.7725566050992351 0.3530695195920985 0.04343292574646931 0.06500323874123301
5 0.201348240616846 0.35436042566445136 0.03896394703379284 0.06782785009228505
5 0.43016700930627944 0.36088532619047514 0.024715776735204996 0.042026813695090495
5 0.6057843683407869 0.3472770018549265 0.03140281930985207 0.048677331893687815
5 0.8724473444555734 0.345098728414542 0.021590776735204997 0.041826554595791876
5 0.5521512699499411 0.3546377213178281 0.025841234160558103 0.03587694324473976
5 0.9205024322027573 0.336525962375413 0.017591691585911208 0.02912629549649317
5 0.9435957247774042 0.34132408390549784 0.020935212873234833 0.032451554595791875
5 0.9652522034900807 0.3367972702104073 0.014466691585911207 0.028926036397194554
5 0.9888535944555734 0.33763907696566753 0.014248170298587581 0.025801036397194554