3 0.3695973784633075 0.5724470634929981 0.3328438730530311 0.5029400733810572
3 0.775361645156355 0.5589874480891532 0.2340139164682558 0.43011024715740265
5 0.37990307798845374 0.3887245108762795 0.062148310503983596 0.09877069994353035
5 0.3401442445232167 0.34017288978723986 0.02944345909205772 0.04695059471009326
3 0.6749691885715796 0.4975332795744797 0.14176892900466811 0.3155479472421071
5 0.6894144703083218 0.37539296906525343 0.03596624373179384 0.056689615756780665
5 0.765028235747728 0.3921184665050047 0.04905727711788863 0.07773015785015547
3 0.9002730654520417 0.46797676926289755 0.10774561850068451 0.21841534200867016
5 0.9228180036944167 0.38214568507614793 0.021267246239076342 0.03399556840173403
5 0.943153235747728 0.38174386667441385 0.01961381802583091 0.030779563140062204
5 0.7901108037735589 0.420395384949091 0.03936402837152997 0.06624662628012441
3 0.9780581185006845 0.44730097724010986 0.04388376299863097 0.16108868942018653
5 0.9976575646606186 0.3837089141000477 0.00468487067876282 0.02434755261671846