3 0.23665149809035949 0.665625 0.37965661075745033 0.66875
3 0.5028293867361332 0.51171875 0.15359990404199805 0.309375
3 0.7868407600652242 0.48046875 0.07747266136218052 0.2125
5 0.24121863005249758 0.38671875 0.06068405601527207 0.1125
5 0.5045089707192704 0.3875 0.03357611600890884 0.065625
3 0.9223600893936791 0.44453125 0.04538632001909022 0.140625
3 0.05876121339908789 0.484375 0.10974081604072539 0.3
5 0.786585674053134 0.39140625 0.020712489337999785 0.034375
3 0.977177214692067 0.44296875 0.04564557061586605 0.1375
5 0.9865311300524976 0.38671875 0.012790901336727245 0.025
5 0.9287640833863613 0.390625 0.014353401336727245 0.025