3 0.7208489750174657 0.49296875 0.15694620991548636 0.2984375
3 0.8942799429136461 0.5125 0.21144011417270797 0.396875
3 0.3214408203125 0.5249717859375 0.3168286578125 0.55116663125 0.3201532484375 0.5744806875 0.3252095875 0.5781719609375 0.32829138125 0.5698098109374999 0.3345574375 0.6050409515624999 0.34622154374999997 0.6218940421875 0.360544328125 0.6278021109374999 0.37190529687499996 0.6156300453125 0.373597053125 0.60482135625 0.382480375 0.5956411796875 0.403914028125 0.5996657562500001 0.4098362421875 0.5935456390625 0.4062099328125 0.5834868078125 0.4002877171875 0.589606925 0.39599691875 0.5875694015625 0.39247094531250004 0.5660454328125 0.3801823390625 0.54839955 0.3774219046875 0.5285293296875 0.40312600937500004 0.52842838125 0.431388453125 0.52884754375 0.44248769374999997 0.5211166109375001 0.4139221109375 0.49167228749999997 0.4052394625 0.477922184375 0.4133172515625 0.47590235312500007 0.4145255484375 0.465161834375 0.41003336562500003 0.4649143953125 0.4046142546875 0.45598920156249995 0.4094285078125 0.44914446249999995 0.40680911093749994 0.43013520156249996 0.3996378984375 0.43466974062499997 0.398510296875 0.4489222609375 0.38412716874999997 0.4456652390625 0.36335729843750003 0.41247916875 0.36327589374999997 0.387826971875 0.3513297078125 0.36925196250000003 0.340633234375 0.37340272343750003 0.3371690234375 0.39150809375 0.3429712609375 0.411830259375 0.336062484375 0.4330638578125 0.336567715625 0.4814391234375 0.3346142328125 0.4966889421875 0.3161620375 0.495767359375 0.3121133203125 0.5042658453125 0.3214408203125 0.5249717859375
5 0.3521697505686809 0.3953125 0.032341027735416715 0.046875
3 0.5973553765624999 0.7597345109375 0.6528233953125 0.7470332046875 0.6700949578125 0.760458525 0.6856637484375 0.7509429953125 0.7001994078125 0.71839219375 0.6966820984375001 0.667646053125 0.68515734375 0.6265693265625 0.662891209375 0.6077480015625001 0.6619698453125 0.5895771703125 0.636354546875 0.5419468921874999 0.6257229671875 0.5105046234375 0.6302986500000001 0.50497924375 0.62943268125 0.47460010468749997 0.6171556921875 0.4665707875 0.615705634375 0.4911762421875 0.6022847234375 0.4845282703125 0.5943608625000001 0.49052575000000004 0.593076 0.449225228125 0.5797668609375 0.44744169375 0.5795443046875 0.4669938703125 0.57212193125 0.4509597453125 0.5603474171875 0.450179875 0.556105078125 0.41173646406250003 0.54818023125 0.3884528875 0.5333082828125 0.37712931875 0.5142795390625 0.382252509375 0.509062409375 0.3964086828125 0.5102073125000001 0.4243083921875 0.5109051375 0.4327503453125 0.50119590625 0.44875996249999994 0.49589519375 0.46658807187500007 0.5006390234375 0.48299987968749997 0.5040727515625 0.5374179546875 0.5092918484375 0.5818238890625 0.49216024531249997 0.5817993828125 0.4571156328125 0.5769803484375 0.454465275 0.5858944015625001 0.45424271875000005 0.605446578125 0.46858499218749994 0.6302653828125 0.46214134375000004 0.678755890625 0.46618734687499996 0.6867257421875 0.45653449375 0.7198081078125 0.45583765156249995 0.7406472109375 0.46950930468749996 0.7362793796875 0.4744193140625 0.7160662624999999 0.48081051874999997 0.7676272265625 0.49813845937499995 0.7981252953125 0.5190371328125 0.8085990875 0.5379541046874999 0.7986114546875 0.5470772796875 0.7790243234374999 0.5554754281250001 0.77173991875 0.5973553765624999 0.7597345109375
3 0.4548131875 0.5850664375 0.461165459375 0.5791567921875 0.4899008796875 0.5861357500000001 0.5115267328125 0.5840892531249999 0.5069845843749999 0.5426124437500001 0.5041399484375 0.5149353671875 0.4986128609375 0.5086951546875 0.49482800625 0.48215344531250004 0.50280909375 0.4930616 0.5037261453124999 0.48490995625 0.498336453125 0.4726336203125 0.49936773125 0.45142957656249993 0.487579428125 0.43103032812500003 0.491890696875 0.4264112625 0.49640725156250004 0.3886711171875 0.491246821875 0.3743568703125 0.4721660265625 0.36100263125 0.45753470625 0.361060090625 0.46143459531250003 0.39861629375 0.4659527671875 0.40900993281250003 0.4660678015625 0.420024425 0.4575371296875 0.43326077031250004 0.45836473906249997 0.49331159218750004 0.42976833125 0.528430296875 0.40059755625 0.5325434359375001 0.3889019265625 0.5402092953125 0.39644846562499997 0.5862764390625 0.4077319078125 0.5967189546875 0.4179600921875 0.59728234375 0.4138788921875 0.6239303921875 0.42121772343749997 0.6309179359375 0.42938335156249996 0.6738894109375 0.43906195312499996 0.6985973000000001 0.455253390625 0.7183756953125 0.4684388234375 0.6854299734375 0.463851953125 0.6780543953125 0.4680473796875 0.6383539453125 0.4726110796875 0.638713246875 0.47171639218749994 0.6298142734375001 0.45614404375 0.6069402046875 0.4548131875 0.5850664375
5 0.4114356477951392 0.390625 0.03066942496187508 0.0421875
5 0.4771515667730906 0.39453125 0.045459276785486225 0.0734375
5 0.705566854292153 0.3734375 0.03710126291777769 0.05
5 0.5340016320275698 0.4203125 0.05992182028847228 0.090625
5 0.8654685311538891 0.3625 0.04535017401194423 0.06875
5 0.9026775904244447 0.35 0.02427395459715278 0.0359375
5 0.9236804214464932 0.34609375 0.02100348423243048 0.0296875
5 0.8941208612260073 0.38515625 0.030851262917777688 0.05