3 0.17228108362158437 0.4677233944314391 0.2725850897699044 0.3984902904457238
3 0.7206418364502547 0.5728819750601893 0.2227305355151783 0.4220354390337981
3 0.40819585772388534 0.4569520643314142 0.14204309601642037 0.24784176959604132
3 0.5772503847530526 0.5043856908161647 0.16434534289316236 0.3219157670887588
3 0.8499429961893711 0.5027022042105068 0.09347833098930565 0.22455738229073816
3 0.9124157251121321 0.4961961399455996 0.08387607201231546 0.18522209765100203
3 0.9715896954506864 0.48973553978731504 0.056820609098627274 0.1595401360516618
5 0.7181612101832133 0.415114939166812 0.0457579275949012 0.07788095909205772
5 0.7571964391059745 0.409290836501245 0.04726588544042354 0.06855142319868043
5 0.19643568022717992 0.3216834687254762 0.04258747579950315 0.06997753087881238
5 0.4201549813586481 0.3636196014784328 0.026817030054229286 0.044522889812585564
5 0.5944828156676035 0.3773003535900038 0.033103391490547904 0.050954746239076344
5 0.8564788216195318 0.4173413657307048 0.02368293969514994 0.04286946159934022
5 0.540562930128984 0.37652511526848637 0.028343168617910842 0.03831835391920828
5 0.9056975716195318 0.41590924637209026 0.020485216822512697 0.030278533386094965
5 0.9276271137740096 0.4246477488793728 0.0220658975406721 0.0334489974927175
5 0.9494975685944697 0.4232300013866553 0.017351126463433175 0.02862510517284953
5 0.9721856348512485 0.42803952184062644 0.014217036104353297 0.026971676959604098
5 0.9950544665279251 0.43436607818797485 0.009891066944149785 0.03005121285298138