3 0.134375 0.57890625 0.26875 0.43515625
3 0.52265625 0.51171875 0.11953125 0.27890625
3 0.71640625 0.47734375 0.07734375 0.20234375
3 0.83671875 0.49375 0.07265625 0.18984375
3 0.93828125 0.4875 0.05078125 0.16484375
5 0.1375 0.40078125 0.05390625 0.07734375
5 0.51953125 0.39375 0.025 0.04375
5 0.7125 0.39140625 0.01640625 0.03125
5 0.83515625 0.41171875 0.01640625 0.025
5 0.94140625 0.41875 0.01640625 0.02734375
3 0.98125 0.47578125 0.0375 0.15
5 0.99453125 0.4125 0.0109375 0.02109375
5 0.95546875 0.41796875 0.01328125 0.02265625