3 0.25548967718076315 0.6478621531404207 0.47740562075832804 0.6550993062808415
3 0.5537457134768102 0.5488924218785322 0.19112512550802627 0.34254651583511764
3 0.7925658740376884 0.5363399122451138 0.10241675033868418 0.22763691818411544
3 0.8888233983479479 0.5422609548024087 0.10200731456303558 0.21982441818411544
3 0.9785083991966882 0.5296820499461283 0.04298320160662357 0.14092652837152997
5 0.276268087402957 0.40430838143280834 0.07744332654882306 0.10834134890464338
5 0.5593262488683463 0.4172248847315136 0.04217421189493074 0.06051160266556703
5 0.7970276447299032 0.4428626968848498 0.026965291723114147 0.038227425705962756
5 0.8408595318850332 0.445698191870285 0.021950243102595125 0.031841033386094966
5 0.8897064676606817 0.454920079175588 0.027047178878243726 0.03978992570596294
5 0.9251493227036359 0.46141177157459834 0.02227779172311415 0.038091033386094965