3 0.3900112133990879 0.4619877056287251 0.145169238701453 0.26453147881213823
3 0.9371743780235444 0.4728771008893983 0.12565124395291108 0.36849093671876343
5 0.377891926718634 0.36106224246042806 0.027089758672817866 0.04685958944842143
3 0.4663530234375 0.5786006140625 0.474915128125 0.5875245453125 0.48172585 0.643047540625 0.49840234843750003 0.67565501875 0.5219795875 0.6812582046875 0.536701171875 0.66215565 0.543007425 0.6420200671875 0.5602105640625 0.6349891375000001 0.5622875703125 0.6301648203125 0.5553189890625 0.6243994140625 0.56600495625 0.5776273046875 0.55370078125 0.5568156265625 0.5555594765625 0.53054686875 0.602456171875 0.5327482031249999 0.6034231359375 0.516782509375 0.600572796875 0.49459169999999997 0.603992940625 0.4454885421875 0.5844944796875 0.435899346875 0.57748643125 0.4425733390625 0.5735975890625 0.42279468906249995 0.5650391796875 0.3946545921875 0.555510109375 0.4016963515625 0.549691034375 0.39463292656250004 0.5519542796875 0.385260115625 0.5557358125 0.3847084640625 0.5588192484375 0.3514790546875 0.5475535765624999 0.3282552171875 0.5297954140625001 0.3297154578125 0.5219708734374999 0.34102988437500004 0.5248212125 0.36322069375 0.532047571875 0.377991140625 0.5287100546875 0.38299934062499996 0.5183644921874999 0.3946815359375 0.5157966109375 0.445921028125 0.5182387046875 0.47043205312499997 0.505633590625 0.47227089375000003 0.4940275140625 0.4841369734375 0.4619954796875 0.48994015625 0.450500409375 0.5029203703125 0.45067925625000005 0.53680420625 0.4613936015625 0.5352411921875 0.47377301093749996 0.5503902421875 0.4663530234375 0.5786006140625
5 0.4388385173854067 0.358294287255226 0.023855670671545325 0.03730257892507769
3 0.5626267046875 0.6709391234375001 0.5673117109375 0.709919178125 0.58407785625 0.741470615625 0.6053095 0.7454561015625 0.62278046875 0.7358246578125 0.6323081203124999 0.7188526671875 0.63793135 0.7109495781249999 0.7247699453124999 0.6897821953125 0.7369407359375 0.6993391421874999 0.7495783234375 0.6974955640625 0.768445053125 0.6777446312500001 0.7725875 0.6388933765625 0.7643752203124999 0.5805961296875 0.74556258125 0.56067566875 0.7449164765625 0.5381050625 0.7240171453124999 0.49724070156250005 0.73791138125 0.4838813734375 0.733316028125 0.46188688750000007 0.7228640484375 0.45349575 0.7216614906250001 0.4253401046875 0.7095355265625 0.42427593906250005 0.7064657828125 0.4417224 0.6844891171875 0.446344921875 0.6719952734375 0.42550266875 0.6643796359375 0.4053653375 0.6620100875 0.40571100937500004 0.6582092171875 0.3595192046875 0.6438574499999999 0.3361148828125 0.623832990625 0.3362029546875 0.6117023968749999 0.35922087812500003 0.6132774624999999 0.3830725203125 0.5965917109375 0.4166708296875 0.6014652875000001 0.44145783749999995 0.6008903125 0.5322011578125 0.5543834875 0.531902828125 0.552660046875 0.554819103125 0.5663610796875 0.5797349125 0.5553882109375 0.622415696875 0.5588706609375 0.6332401062499999 0.5466457796874999 0.6633545546875 0.5479426203125 0.6844136765625 0.5575150984375 0.6759344703125 0.5626267046875 0.6709391234375001
5 0.5428084020528157 0.35771118735404805 0.03820907200827221 0.06312162628012441
5 0.6368765753898611 0.3795946216537371 0.04941929201145392 0.08719616311182729
3 0.7922489390624999 0.4832486953125 0.7937373984375 0.46423988125 0.7767976140624999 0.41546103749999996 0.7736883375 0.41335211875000005 0.7790708484375 0.39462940468749996 0.7762160140625001 0.380525028125 0.7775367046875 0.3598323546875 0.7665824765625 0.3614303640625 0.7646745984375001 0.3762295265625 0.7454019359374999 0.36708269531250004 0.73915635625 0.357743796875 0.73932970625 0.33038516093750003 0.733674103125 0.312418525 0.7221597171874999 0.3132440828125 0.714818065625 0.3220025890625 0.7156839296874999 0.335542953125 0.715624284375 0.3543433296875 0.7038284265625 0.36204328750000003 0.7016633156250001 0.4033591578125 0.7047427671875 0.4148682640625 0.707819428125 0.4408986203125 0.6976499734375 0.44067381250000004 0.6942592234375 0.445439290625 0.7074811015625 0.4520521484375 0.7112073859375 0.4506543890625 0.7137052390624999 0.42722748906249997 0.7231738015625 0.43011704375 0.722020878125 0.4524935796875 0.7328045484375 0.463732959375 0.7389634546875 0.48675117187500005 0.72528954375 0.4998501046875 0.7438287 0.5355831249999999 0.744524003125 0.5619608734375 0.7497629828125 0.561196609375 0.75388165625 0.5588874390624999 0.771252025 0.5537909390625 0.7786179171875001 0.5646747375000001 0.791953503125 0.5627293359375 0.7954877796875001 0.5400054078125 0.791907821875 0.5089234703125001 0.7968410890625 0.49539129531250004 0.7922489390624999 0.4832486953125
5 0.7278555640515431 0.33755206384593384 0.03025112133990877 0.05016659997176518
5 0.9442709047183158 0.32572908510438275 0.04138861600890849 0.06799113680346806
5 0.9082243167170432 0.31844720612283534 0.023819308004454597 0.03417757892507769