3 0.7109375 0.59296875 0.20546875 0.45
3 0.5578125 0.48828125 0.12890625 0.31640625
3 0.13515625 0.46171875 0.16171875 0.27734375
5 0.7203125 0.40625 0.04609375 0.07265625
3 0.83984375 0.44140625 0.06328125 0.16015625
3 0.9078125 0.45 0.071875 0.16484375
3 0.66171875 0.41171875 0.04453125 0.11875
5 0.553125 0.359375 0.03046875 0.05
3 0.0375 0.453125 0.07421875 0.23984375
5 0.03203125 0.35546875 0.02578125 0.04375
5 0.09765625 0.35546875 0.0234375 0.04140625
5 0.121875 0.35 0.02578125 0.05234375
5 0.8375 0.375 0.01640625 0.02890625