3 0.31542665879249093 0.5433467292769343 0.21364092558271394 0.39877437551288214
3 0.4442709106065895 0.5915043394667773 0.22917664554564698 0.44153487847863176
3 0.715235685834333 0.5541767303026987 0.12281253974053179 0.2998965237259963
3 0.8770263577040318 0.5404855979069153 0.07546133538669508 0.19498884783255316
3 0.9375546299365505 0.5312498607584966 0.06466767912609299 0.1539818458553869
5 0.3200174111547437 0.384385564752198 0.04318949400955017 0.07509284190105418
5 0.441956898540872 0.41353850695726324 0.046314494009550344 0.07522017589344294
5 0.3571106725874891 0.4412868221665717 0.03455853847458741 0.05133700692008229
5 0.7100620577966991 0.4283636468046014 0.028199411069925694 0.04795733893530461
5 0.8734350770339928 0.4599850144088181 0.019786710344286362 0.030451503954332715
3 0.9847098498146656 0.5359174561195919 0.030580300370668924 0.1502838428896373
5 0.9431300181409853 0.4675056957394686 0.016388891832632167 0.02251166996194378
5 0.9987587088890828 0.47392679208914695 0.0024825822218343062 0.025573002965749582