3 0.3299957110315713 0.5102277845538029 0.2138467522779001 0.38306864718563743
3 0.5421162794333053 0.47762957422810326 0.14873842079257357 0.28117294724210706
3 0.740781292587485 0.4621656559957784 0.09490078925077725 0.23910727360693612
3 0.6683448504658753 0.4492554032943553 0.09380872611071514 0.22035727360693613
3 0.09108918963194808 0.5894426606221657 0.18217837926389616 0.5367396787556686
3 0.8801091030967111 0.43614294033781975 0.07957962613894978 0.18994173151356133
5 0.022752565947366035 0.37851213687405527 0.04550513189473207 0.10051521046687392
5 0.3195726924745455 0.36835109769386504 0.04132222099021767 0.06780912628012432
5 0.5501856556428425 0.3658198189664314 0.029383663111827475 0.049984589448421435
5 0.35697398193708435 0.3544937240445766 0.031037168373499215 0.051638094710093264
5 0.5778024214278581 0.359539726887174 0.021116136803468067 0.04171706314006211
5 0.6703161451194989 0.36193741381769906 0.02093412628012441 0.03859206314006212
5 0.7379208740728115 0.36422868493497357 0.020843121018452492 0.037029563140062206
5 0.7524006030261241 0.369614134949091 0.016428636803468066 0.04144404735504672
3 0.7907658820359064 0.4327819928839511 0.06148207352223167 0.17331567363517095
5 0.7923808609186318 0.36494975077645886 0.01735409997176518 0.03059755261671846
3 0.9343801031672985 0.5069489930251254 0.08409906811938513 0.3210097209902177
5 0.8843863503952882 0.36270544033781976 0.02396812101845249 0.03721157366340595
5 0.9629817872552259 0.37681417199255546 0.026531678896842693 0.05449007892507769