3 0.3035729017534162 0.6568482193190432 0.43125661319675335 0.6863035613619134
3 0.6061205035437442 0.490191023290458 0.10137843460686646 0.19477895407749274
3 0.1584828423772624 0.5504666644231918 0.23592791949058817 0.4934557979675713
5 0.20496091686969456 0.36310906842154234 0.06362001387966065 0.09230717194503928
5 0.31281298966408366 0.3912006276718847 0.07968510487264702 0.12396634890464338
5 0.4305116293927658 0.3782496497752084 0.04689358883351815 0.07466503087881246
5 0.7914083590347001 0.42462116224511376 0.024478368290882457 0.0412614974927175
5 0.9403162284053167 0.4484487703209571 0.020952850092285046 0.03492056927947225
3 0.9801793090669995 0.5171365858395056 0.03964138186600117 0.16896060015828454
3 0.9418973172388349 0.5217953421077117 0.08066541640826941 0.18793792069139795
3 0.7931291502122567 0.5244847699252457 0.10604495064599533 0.24326191818411544
3 0.7156154194905883 0.5074132787007344 0.11009210055371028 0.2090687746106063
3 0.462429862735328 0.5234401293212374 0.21269307371723975 0.3742511569013444
3 0.5635429773255826 0.45854020651826827 0.07075019586563336 0.15489810015828454
5 0.6065827760612782 0.4122251476636373 0.022515350092285048 0.03496603338609492
5 0.9955388460040611 0.4525428884259304 0.008922307991877787 0.03018760517284953
5 0.4560122771410124 0.3867895754811713 0.03359255243632351 0.06180131802583091
5 0.6983895442598755 0.42113479790106423 0.023977720542635694 0.0334489974927175
5 0.8227584885843495 0.4270929443775674 0.017427331893687635 0.02857964106622681
5 0.562432257862681 0.4047021526782023 0.017427331893687815 0.02857964106622681
5 0.7175400624584728 0.4279303671805364 0.018889702344038462 0.02706260517284953
5 0.7278267203857522 0.41809236592689525 0.01939035009228505 0.03487510517284953