3 0.3859375 0.47421875 0.12109375 0.24609375
3 0.940625 0.565625 0.11875 0.35234375
5 0.384375 0.371875 0.0234375 0.04375
3 0.4420488890625 0.5238406 0.43888235 0.55756424375 0.44964858281250003 0.55756424375 0.4604148171875 0.5744260671875 0.4502818921875 0.60140498125 0.4578815859375 0.6115220734375 0.4591482015625 0.6677281484375001 0.47244766718750003 0.7025759125000001 0.49524675 0.7115688828125 0.5117127546875 0.6947070625 0.5199457578125 0.6755969984375 0.5376783765625001 0.6711005109375 0.5402116078125 0.666604025 0.5338785296874999 0.6598592953125 0.54907791875 0.6148944375000001 0.5389449921875 0.5924120078125 0.5433781484375 0.5665572140624999 0.589609621875 0.5755501875 0.592142853125 0.5598124875 0.5915095453125 0.5373300578125 0.5997425484375001 0.48899283593750004 0.5813766203124999 0.4766274984375 0.573776925 0.48224810625 0.5718770015625 0.46201392031250005 0.56617723125 0.4327867625 0.5560443046875 0.43840736874999997 0.5509778421875 0.43053851875 0.55414438125 0.42154554843750003 0.557944228125 0.42154554843750003 0.5642773078125 0.388946025 0.555410996875 0.3642153515625 0.5376783765625001 0.36309123125 0.5288120671875001 0.373208325 0.529445375 0.39569075468750003 0.5351451453125 0.4114284546875 0.5313452984375 0.4159249390625 0.5199457578125 0.42604203281249997 0.5123460625 0.4766274984375 0.5123460625 0.5013581703125001 0.4996799046875 0.5013581703125001 0.48701374687500004 0.5114752640625 0.454715046875 0.5125993859375 0.4420488890625 0.5238406
5 0.44453125 0.378125 0.02109375 0.03359375
3 0.53652386875 0.6691666953125 0.5214440546875 0.6973421359375 0.5206503796875 0.7184737140624999 0.5309681484375 0.71142985625 0.53652386875 0.7072035390625 0.5373175421874999 0.7466491546875 0.5508100078125 0.7804596828125 0.571445540625 0.78750354375 0.58970005 0.7804596828125 0.6008114921875001 0.7649631921875 0.6071608859375 0.75791933125 0.695258740625 0.7494666999999999 0.70637018125 0.760736875 0.7190689703124999 0.760736875 0.7397045046875 0.7438316109375 0.747641246875 0.7057947671875 0.745260225 0.64662634375 0.7285930640625 0.6240859921874999 0.7301804125 0.6015456390625 0.71351325 0.5578737078125 0.7285930640625 0.5466035328125 0.726212040625 0.5240631812500001 0.7166879484375 0.5142017765625 0.718275296875 0.48602633749999996 0.70637018125 0.48320879375 0.701608134375 0.5001140562499999 0.679385253125 0.5015228296875 0.6690674859375 0.47898247656250004 0.663511765625 0.45785089843750004 0.6611307421875 0.45785089843750004 0.6619244171875 0.41136142031249995 0.6500193015625 0.386003525 0.6301774421874999 0.38318598125 0.6158913046875 0.4043175609375 0.6150976296875 0.42826668593750006 0.595255771875 0.45925966875 0.59763679375 0.4846175640625 0.5881127015625001 0.5747789734375 0.5420795875 0.5677351125000001 0.5381112171875 0.5902754640625 0.5492226578125 0.6170421312500001 0.5341428453125 0.65789651875 0.53652386875 0.6691666953125
5 0.54765625 0.39296875 0.03203125 0.05859375
5 0.6390625 0.428125 0.0421875 0.08125
3 0.774338165625 0.6328587328124999 0.7800810921875 0.6107723875 0.7796025171875 0.5793418203125 0.785824021875 0.5665996984375 0.7824739796875 0.5538575765625 0.785824021875 0.53516913125 0.7738595875 0.48420064218750003 0.7709881234375 0.48165221718750006 0.778166784375 0.4638132453125 0.7767310515625 0.449372175 0.7800810921875 0.4289847796875 0.7690738140625 0.4289847796875 0.7657237718750001 0.44342585 0.7475378328125 0.43153320468749995 0.7422734828124999 0.42133950625 0.7451449453125 0.3941563125 0.741316328125 0.37546786718749997 0.7298304703125 0.37461839218750004 0.7216946562500001 0.3822636640625 0.721216078125 0.39585526249999997 0.7193017687500001 0.4145437078125 0.7068587578125001 0.42049003125000006 0.700637253125 0.4612648234375 0.7025515609374999 0.47315746875000003 0.7030301390625 0.4994911875 0.6929800140625 0.49779223906250003 0.6891513953125 0.5020396125000001 0.70159440625 0.5105343609374999 0.7054230265625 0.5096848859375 0.7102088 0.4867490671875 0.7193017687500001 0.4909964390625 0.7159517281250001 0.5130827859375 0.725523275 0.5258249078125 0.72935189375 0.5496102015625 0.7145159953125 0.560653375 0.72935189375 0.5988797421875 0.7274375828124999 0.6252134609375 0.732701934375 0.6252134609375 0.73700913125 0.6235145109375 0.7547164921875 0.6209660859375 0.7609379984375 0.6328587328124999 0.774338165625 0.6328587328124999
5 0.7328125 0.39921875 0.025 0.04609375
5 0.9484375 0.41953125 0.03515625 0.0625
5 0.91328125 0.40703125 0.0203125 0.03125