3 0.2369768846345531 0.637247912970653 0.4310983220191968 0.605745825941306
3 0.731531513722777 0.49637561512149614 0.14222228253968333 0.27603042093374786
3 0.5824024012919908 0.5133748573701628 0.16363620758582584 0.29440098933548187
3 0.8877572231635295 0.5727546465503529 0.22448555367294115 0.40759821032569954
5 0.16446512723329748 0.4166477156579586 0.07565893892580315 0.11181673151356133
5 0.8783180737172398 0.4185298781345015 0.05354410703211556 0.0825086631118273
5 0.7099290191214479 0.39004231513561355 0.03082849784053181 0.043825594710093264
5 0.038222802279440006 0.4264182868317029 0.026981607032115384 0.08096157366340581
5 0.27049508173680425 0.40725657608248034 0.03601664558877822 0.05191111049510884
3 0.3733370843576979 0.5424498944136271 0.2078658713732014 0.3530171261389501
5 0.32845777606127824 0.41296752076433874 0.04669332973421945 0.07276964206513985
3 0.5037266887689196 0.5002308442865703 0.13633322794389144 0.25700740514873244
5 0.492150036240311 0.4045998258707188 0.030928627390180985 0.045388094710093266
5 0.5316736111941684 0.38977846267418687 0.023877590992986343 0.03252407366340595
5 0.5704054441675904 0.3990393415851472 0.03425388648947951 0.04869510523343701
5 0.6149669725452206 0.3899597441736308 0.02427810919158375 0.03877407366340595
3 0.6754922648025113 0.47209668096298146 0.09386632325581452 0.20160727360693614
5 0.6704857873200452 0.39397168096298146 0.020952850092285046 0.035467063140062115
5 0.8920406122739027 0.38975243075121996 0.0226154796419344 0.037120568401734035