3 0.36269405803165405 0.5991189330333017 0.32720479707460537 0.4899388019458694
3 0.7683400860348313 0.6163526663909149 0.2291570348997407 0.42106034253094826
5 0.37512805397446425 0.41657916842280507 0.0610386858759707 0.09634889448011297
5 0.33596041395857823 0.36512971671852174 0.028915932629559826 0.04580342370110611
3 0.6687298238599666 0.5474469334370434 0.13818538717321688 0.3101307508107789
5 0.6845848745913152 0.4266668291349724 0.03532957386326192 0.05528751785690744
5 0.7599530673671449 0.44906970900458865 0.0481841298696164 0.07581820616851012
3 0.894224701700988 0.5349817098153675 0.10527170129724653 0.21427278003177222
5 0.9177519305976698 0.45104308643857305 0.02088524431795733 0.03316705600635448
5 0.9380780673671449 0.45217889244492754 0.019268197240056396 0.03001478246740419
5 0.7846900146072013 0.47917994885831894 0.03861821509696384 0.06471706493480803
3 0.9755842012972462 0.5208703912271114 0.04883159740550767 0.1587943474022122
5 0.9951563616056717 0.45869767369451553 0.009687276788656617 0.023710235389503433