3 0.221875 0.646875 0.34375 0.59375
3 0.484375 0.54921875 0.165625 0.38515625
3 0.65078125 0.503125 0.11640625 0.25
3 0.83828125 0.48359375 0.071875 0.19140625
3 0.94140625 0.47734375 0.0625 0.14765625
5 0.215625 0.40625 0.06015625 0.10859375
3 0.3921875 0.51015625 0.16171875 0.31875
5 0.3703125 0.384375 0.0375 0.06484375
5 0.65 0.39921875 0.0234375 0.0375
5 0.8328125 0.41015625 0.01875 0.02890625
6 0.4796875 0.390625 0.04921875 0.07109375
3 0.7921875 0.465625 0.04453125 0.16015625
5 0.7921875 0.40078125 0.0140625 0.02890625
5 0.8078125 0.403125 0.015625 0.02890625