3 0.64609375 0.61171875 0.225 0.44140625
3 0.3640625 0.44140625 0.08359375 0.175
5 0.65234375 0.42890625 0.04375 0.07734375
3 0.57578125 0.51171875 0.0890625 0.29375
5 0.59140625 0.39375 0.028125 0.05625
3 0.8046875 0.46953125 0.0515625 0.19765625
3 0.89453125 0.46875 0.05625 0.20234375
5 0.359375 0.371875 0.01796875 0.03359375
5 0.89296875 0.38671875 0.01796875 0.03125
5 0.80390625 0.38828125 0.01875 0.03515625
3 0.9328125 0.45625 0.05078125 0.17109375
5 0.93046875 0.3875 0.015625 0.03125
3 0.84375 0.45546875 0.04921875 0.16484375
5 0.8453125 0.38515625 0.0140625 0.02734375
3 0.9859375 0.440625 0.028125 0.125