3 0.19310262604435474 0.5937285501524998 0.35959244767945386 0.5500428996950003
3 0.6389881290101043 0.5974262866660411 0.28179109984690065 0.4795472553183336
5 0.17532358254669506 0.38769675569958323 0.07001802273741302 0.10933993882958344
3 0.35939039687499996 0.5511934140625 0.35270214218749996 0.5183545484375001 0.35545140625 0.4764674484375 0.333863134375 0.45648867187500003 0.3244364921875 0.4126798375 0.3143932390625 0.41627860468750005 0.3129988921875 0.437898896875 0.3198448671875 0.46532381093749997 0.305654596875 0.45382111406250003 0.28875109062500004 0.40424317656250003 0.30345395625 0.3981505296875 0.3072284140625 0.32107274218750004 0.2667651078125 0.319190428125 0.2626609296875 0.381344334375 0.24472135625 0.41981414843750003 0.23141624218749998 0.48289535624999996 0.23805078750000003 0.4913359234375 0.2575709859375 0.4773354375 0.260545959375 0.480184475 0.264994140625 0.45870624375 0.2746430875 0.468642359375 0.2768688828125 0.4972076703125 0.2877830125 0.542441021875 0.281478190625 0.5489243375 0.30529225625 0.5974684265625 0.30732089687499997 0.6328011765625 0.33699176875000003 0.663998528125 0.3356368515625 0.6842653328125 0.3561067890625 0.7163899875 0.37302117031250004 0.713110859375 0.39269909375 0.693696421875 0.40364924843749994 0.6589674328124999 0.4054378984375 0.6238122578125 0.3967747140625 0.5800389421875 0.3807672375 0.55218784375 0.35939039687499996 0.5511934140625
5 0.2843974936113904 0.35857034052135395 0.05005834980971961 0.07921602773541672
5 0.35695824311709884 0.354535497531458 0.03328734387822054 0.05072735182361114
5 0.6163451719762912 0.40636552878225646 0.05331068380210837 0.08241376291777773
5 0.6487730114058875 0.4345444269586453 0.04811384783255335 0.0698046601442361
5 0.9193574254363325 0.4157346498888187 0.025092841901054187 0.041170513867708355
3 0.9723305864824372 0.4853918800371867 0.055338827035125604 0.16729790919430557
5 0.9420773424325268 0.4167698198167006 0.018397172927693363 0.030087543502986237
5 0.9867677599230127 0.4196395934680547 0.019832338935304606 0.026998911094166543