3 0.7174713846548566 0.5859375 0.22296688485124835 0.45625
3 0.5598583516737611 0.4859375 0.14248852361132158 0.3203125
3 0.13713392398066399 0.47421875 0.17352035499341084 0.2828125
5 0.7195055415653024 0.3984375 0.048873837235821685 0.075
3 0.8399998487468949 0.4296875 0.06969539734428025 0.1625
3 0.9080049601832133 0.4359375 0.07909766842151918 0.1671875
3 0.6609572433607006 0.40625 0.04913745764913067 0.1203125
5 0.5505191922292324 0.3578125 0.03311248184962743 0.0515625
3 0.04101290290342513 0.46953125 0.07797150565734075 0.2421875
5 0.029507255460949018 0.371875 0.026826120413308917 0.0453125
5 0.09511861992232959 0.36953125 0.025245439695149675 0.0421875
5 0.1193010084860111 0.36328125 0.02843407220870704 0.053125
5 0.8349260084860111 0.36328125 0.017360216822512698 0.0296875