3 0.16640625 0.48125 0.175 0.28984375
3 0.45390625 0.62421875 0.27109375 0.55390625
3 0.7203125 0.47890625 0.0890625 0.23359375
3 0.8984375 0.4625 0.0671875 0.17109375
5 0.46796875 0.39921875 0.05625 0.10234375
3 0.36015625 0.52578125 0.11953125 0.37890625
5 0.3953125 0.37421875 0.0375 0.07109375
5 0.1625 0.36640625 0.034375 0.05859375
3 0.2984375 0.49453125 0.1328125 0.34765625
5 0.24375 0.36484375 0.02578125 0.05234375
5 0.72265625 0.38671875 0.0234375 0.04375
3 0.07421875 0.559375 0.1484375 0.459375
5 0.30546875 0.34921875 0.03203125 0.05390625
5 0.9 0.39140625 0.01640625 0.02890625