3 0.36171875 0.53359375 0.18515625 0.36875
3 0.571875 0.509375 0.128125 0.27109375
3 0.7703125 0.50234375 0.0765625 0.23359375
3 0.696875 0.48671875 0.07734375 0.21484375
3 0.09921875 0.60234375 0.1984375 0.52109375
3 0.90859375 0.48203125 0.06484375 0.18515625
5 0.03125 0.38828125 0.0609375 0.09609375
5 0.340625 0.39140625 0.03671875 0.06484375
5 0.571875 0.39765625 0.025 0.04765625
5 0.3765625 0.37890625 0.02734375 0.05
5 0.59921875 0.39296875 0.01875 0.03984375
5 0.6921875 0.39921875 0.01875 0.0375
5 0.76015625 0.40390625 0.01875 0.03515625
5 0.775 0.41015625 0.0140625 0.03984375
3 0.81875 0.475 0.0484375 0.16875
5 0.81484375 0.40703125 0.015625 0.02890625
3 0.96953125 0.55625 0.0609375 0.315625
5 0.90703125 0.40859375 0.02109375 0.03515625
5 0.98828125 0.4265625 0.0234375 0.053125