5 0.3894457268426575 0.659401031922967 0.3807273014435061 0.6597206943995098
3 0.6830962732688857 0.466882519051136 0.10648871642535304 0.24157982622365465
3 0.9096269397707886 0.45290550610871794 0.07906937056996596 0.18074874203690502
3 0.8198004358164557 0.4393428060240133 0.07788887254713259 0.19003273677523325
3 0.9852212114824372 0.4446842114550943 0.029557577035125605 0.1558551578501554
5 0.4127254234591661 0.4043194187970222 0.07208985870696819 0.12422572625188946
3 0.3202142712917193 0.478620739759005 0.14682455634924096 0.2751049577654509
5 0.30845441752766706 0.3822007660673642 0.03711268083635879 0.06918961575678076
5 0.33951341653908385 0.37569316083392723 0.0349771778706093 0.055036110495108835
3 0.49014211072131547 0.49769842149844534 0.12641389726171184 0.309768384102045
5 0.46580400250863896 0.3808672372693434 0.04011034684397004 0.06624662628012441
3 0.08617485231835856 0.4812885263789465 0.14369955634924095 0.27492294724210714
5 0.6798346690105418 0.3676182664203001 0.02333934091247105 0.03721157366340595
5 0.817525669999125 0.36429730339317734 0.018460839923887917 0.032251057878390374
5 0.9081334239534578 0.37781450084704604 0.01664367193911005 0.02591005261671846
5 0.03881307958094554 0.3759786710749223 0.03634867688202614 0.050439615756780666