3 0.222947278445085 0.5180528799190405 0.3300625574548673 0.4783861080951718
3 0.6131326626883042 0.4631242039814728 0.1333108418674959 0.2562234237898611
3 0.7725300494917724 0.49551954489093275 0.13605641026922993 0.2766178109449909
3 0.9769397445265667 0.47369437528494307 0.04612051094686649 0.1678293091359686
3 0.925435241613382 0.4702661601106522 0.08546560509226282 0.18361808344622813
3 0.853560241613382 0.4740329692466208 0.11604774715740263 0.2272795522385636
3 0.3645586547957965 0.4738005116471033 0.1927460260260106 0.3138588613745323
5 0.23274867072198643 0.3365195969023538 0.054459257821920556 0.07918288896415202
5 0.33236923912372046 0.3516732061291794 0.04059417889684287 0.05509029172311397
5 0.3698160312170952 0.3622488579836302 0.03627069994353027 0.06109463025772479
5 0.6136493312029778 0.3643591553609538 0.02920165258848364 0.04670458163720577
5 0.7795774390672507 0.38779225407232987 0.032599668373499216 0.05155585594746528
5 0.8533334574831022 0.3894123077812315 0.027457142065139807 0.04349769448207601
3 0.12376705482403141 0.45664174638195537 0.18042803654935424 0.3163287641334941
5 0.1497086575678068 0.3369533661242306 0.04077618942018657 0.05821529172311406
5 0.8206651706513993 0.38015349446139146 0.02396812101845249 0.03708392017181659
5 0.9965619997882385 0.408195528043905 0.00687600042352301 0.02910764586155703
5 0.9322320022073128 0.3985992000247439 0.02066111049510866 0.033795145861557074
5 0.38917297596954087 0.34477807496694346 0.030946163111827296 0.049911468792335524
6 0.1995266470444631 0.33120797716007855 0.02075211575678071 0.035357645861557076