3 0.24935149275935936 0.683449536831703 0.44644412141945056 0.6331009263365941
3 0.8832981367361331 0.5628182044287433 0.19055555872054306 0.40770462613895014
3 0.5760487107335879 0.5261856705102248 0.1647555800445435 0.33749854195220047
3 0.4601328093968607 0.49445128114650805 0.1387737880330894 0.2516674577654509
3 0.803482820058861 0.4800974387143149 0.1024362986950897 0.21519933674699826
3 0.16159585940481488 0.535617523536349 0.1365942173774525 0.3327354472421071
5 0.16949817138763387 0.40960105510638006 0.044513616008908664 0.06817314732681186
5 0.23482372672658816 0.45478402346576174 0.07954314401654469 0.12642526308359248
3 0.35064926873804214 0.5458479101986426 0.219715800047725 0.3641212261107153
5 0.3382027180537702 0.4155233733669398 0.044549978675999566 0.07129814732681172
5 0.8783459127148159 0.4056049439053996 0.044549978675999566 0.07129814732681172
5 0.5644015913828613 0.3974691363093579 0.03501134667409058 0.056689615756780665
5 0.4473504513844522 0.4023624916839692 0.027071577339272502 0.04529708944842152
5 0.40748852005090674 0.39847935751133706 0.019077264003817974 0.029217063140062206
5 0.4262112480505886 0.3972276706513992 0.0255090773392725 0.04520608418674961
5 0.7955152313812706 0.39921916503679156 0.023873852005090512 0.038865078925077776
3 0.9593873747214975 0.4595104648814997 0.07678177068745348 0.15749325256024876
5 0.9602408027132252 0.3986639701431716 0.01749658267027243 0.027563557878390287
5 0.23643113271799762 0.39163928135826953 0.02861589600572696 0.043825594710093264