3 0.16657688329912423 0.5028796444314392 0.2413623608471433 0.40226850831327016
3 0.34489732601933604 0.4641029862764534 0.16578057786604772 0.3000862311953815
3 0.6935979255517978 0.5430042584462842 0.2587134873105764 0.4308936134861197
3 0.5353950609922213 0.4804313652684863 0.15020102966144577 0.30744409012915475
3 0.9464598260193359 0.4465993052267212 0.07439198770335978 0.1661993130112661
5 0.17374046438662583 0.34566653800494834 0.04574883723582168 0.07631845909205773
5 0.31116319633444905 0.3549469466221525 0.03313066256778665 0.05564224623907634
5 0.3486813770526083 0.35073080806320805 0.03156816256778665 0.05559678213245363
5 0.6961467295119362 0.3734275443396615 0.042632927594901206 0.07779003087881238
3 0.8417859615579555 0.4473016503704409 0.07614538524403187 0.19905727711788868
3 0.4629478892510527 0.44660794622644107 0.10915787314378349 0.23438702335696499
3 0.7831649404807166 0.4536940543687914 0.0871919695529872 0.21812552586424747
5 0.47442172043675007 0.3541021974800823 0.025236349336070062 0.04135242570596294
5 0.5407916090004316 0.35841997294861827 0.03154998184962743 0.052471782132453626
5 0.6407461572050335 0.3633227701247667 0.020521578258831143 0.03652853338609487
5 0.9538592355620604 0.38311346674691915 0.018940897540672096 0.03335806927947216
5 0.8446069554096354 0.36520220421050686 0.015797716822512697 0.030142141066226813
5 0.7860177505891752 0.3661258582088574 0.02208407825883114 0.0365739974927175
5 0.7219916120254937 0.36173988658038725 0.018940897540672096 0.03335806927947225