3 0.3640127213178281 0.49951702961424777 0.20660376002214936 0.35869028685861987
3 0.5171284269010691 0.5262728894241404 0.17070583281653845 0.38128717766703624
3 0.715394748615724 0.4676629457179752 0.11117254163898185 0.2778827729789592
3 0.8534652475359898 0.4378078601236596 0.06922726866002264 0.18182979333702481
3 0.9159850339331845 0.4213527429125114 0.062136659468438896 0.14402940468807693
5 0.3871369455610917 0.3572096136674039 0.038179922886674156 0.061577850092285044
5 0.4168954942967874 0.40276314312476813 0.030928627390180985 0.04555233189368781
5 0.5273416409652999 0.3668978894241403 0.036617422886674335 0.06147772054263578
5 0.7212919000645984 0.3513568252676245 0.024478368290882457 0.042026813695090495
5 0.8574902159191573 0.3628579248984843 0.017427331893687635 0.02912629549649317
5 0.9268212068198587 0.36152715993908946 0.015664572794389285 0.025901165946843906