3 0.33752863516170184 0.5534183682780183 0.243976044071667 0.4234161910658786
3 0.12279333472486154 0.514541997104516 0.23125783852458365 0.41345899420903187
3 0.63818259859257 0.5619587301458958 0.1375052256830557 0.27486306699689217
3 0.7698683564763547 0.5532644344463409 0.10338349240055571 0.21708480024766902
3 0.5361109523160421 0.5353533806840152 0.1401574469977085 0.2546961162111037
3 0.8686896758148965 0.674927572783351 0.2111635440716669 0.42188792431665567
5 0.10738327422003502 0.355402437551222 0.0469126740119445 0.07086046360606986
5 0.14929801728618083 0.3456486019430801 0.0437149388295834 0.06758991439185813
5 0.35029812604364613 0.3979325016526299 0.04549564437666671 0.07703768899896399
5 0.2963736922480559 0.39464052770747776 0.0340853656913195 0.05621576674922295
5 0.26421515567892395 0.3876798982618077 0.03404899810013893 0.05465326674922304
5 0.9040063139232991 0.5158094379609974 0.04876611474138883 0.08343323821317572
3 0.9568780472057992 0.5744609999954908 0.08350609707395833 0.16777400496239867
5 0.6506079037790629 0.45874383891340154 0.03397626291777769 0.05152826674922295
5 0.7749357565526045 0.4692169201783171 0.02427395459715278 0.03702911910658777
5 0.9631812921718058 0.5099811230310201 0.017733013867708536 0.02423802067816432
5 0.5205567278672574 0.43707854652361533 0.030778527735416717 0.04825771753501122
5 0.5447754778672573 0.4382065529337561 0.029143292553055745 0.045059942927905536
5 0.8838022634864586 0.4859935053721743 0.01787848423243048 0.030488020678164494