3 0.2419569316579817 0.6383555677774772 0.37563996169504865 0.6061910933417272
3 0.5027728913692958 0.5407775896948698 0.18540679817805222 0.3905000892845374
3 0.6684326077040319 0.4941093210271834 0.1290972560752678 0.25366256249917624
3 0.8553869706807233 0.4752114963531426 0.08171133538669509 0.1934966298696164
3 0.9583482795737307 0.4687239427824202 0.07080855172143145 0.1495829886359143
5 0.23121037149902995 0.39777147808590274 0.06631945916315996 0.11046594155801363
3 0.40994798510869357 0.5017480917234647 0.17842762268015627 0.3247932686676865
5 0.38599707521989424 0.3755265109603439 0.041354175497895884 0.06630683847375848
5 0.66558537149903 0.39018943425770825 0.024747028855940555 0.03790910308425506
5 0.8488889448200077 0.4010609302005184 0.019786710344286362 0.030014782467404143
6 0.49489092558271397 0.38222475000329525 0.0525099303072194 0.07274775324641088
3 0.8094197062527531 0.4572524289827024 0.05249506134007822 0.16175570616851015
5 0.8079365626060225 0.3923950422132273 0.015099210344286362 0.029932961850553143
5 0.8236434081595189 0.3944660568237238 0.016661710344286006 0.02996023538950343