3 0.24201143484242998 0.650285172186256 0.4255222104841673 0.6994296556274879
3 0.5654885684855204 0.4992743715957305 0.09982208130638917 0.19763368676785795
3 0.11306043161138876 0.5385597757031626 0.22612086322277752 0.5012282134596034
5 0.17942639475791639 0.35451503954332697 0.06308318787965286 0.09467051285158128
5 0.2834592781166664 0.3869057282883512 0.07787303970326401 0.12649351581733087
5 0.40328146884611077 0.37927625349722216 0.04705814437666671 0.07684634288963732
5 0.7591671397239232 0.4430429121276406 0.02441942496187508 0.04314250494291585
5 0.9054784420606247 0.47324635976991336 0.019550087005972116 0.03513900395433271
3 0.9530788342530897 0.5447831201500367 0.07111519984750032 0.1714876808363588
3 0.8982822314795481 0.547242275283233 0.07936411094166687 0.19055601581733086
3 0.7490452976839579 0.5419433271466687 0.10567334422416685 0.2478246877564409
3 0.6736459073913538 0.5224492278312407 0.10799825721819456 0.21357702174882984
3 0.41784984907072875 0.5261021739534576 0.21025435429215306 0.38165054250907654
3 0.5263721703091315 0.4664008631927735 0.07078789152687506 0.15742518083635879
5 0.575882514248958 0.4222807900747996 0.021112587005972294 0.03520267095052709
5 0.965525589287083 0.4803850391233975 0.01944098423243048 0.030451503954332715
5 0.42806326329902744 0.3896699254363324 0.034267203647222286 0.06383700692008229
5 0.6662893087018746 0.4353484758540743 0.024201219414791808 0.033767504942915846
5 0.7903625883371524 0.44666000205152845 0.016279616641249994 0.02876166996194396
5 0.5323143522048608 0.41268561418135663 0.016279616641249994 0.02876166996194396
5 0.6848938383371524 0.44236247980840704 0.019368249050069508 0.027326503954332716
5 0.6968126100886455 0.4342462322798649 0.019550087005972116 0.03513900395433271