3 0.16420046594030732 0.6389319473789582 0.32840093188061464 0.6596361052420836
3 0.6083405189099617 0.4992063390027425 0.1320969523626047 0.2855037017473611
3 0.835912511088041 0.5703682517124299 0.2029092522779002 0.37609364057694455
5 0.08418122404457659 0.37643325379972215 0.09285389988706054 0.12075021751493065
5 0.6191176661661862 0.38114667002479113 0.025985647326811724 0.04429551386770836
5 0.8601830109468667 0.4215670758006243 0.0394867052052021 0.06177395459715278
3 0.8006869136059376 0.45181892667430484 0.06993161035393455 0.18263196846486113
5 0.8119499082736784 0.37899902251399237 0.01900760523343692 0.03165004350298615
5 0.8984866477503347 0.3801056212034714 0.02047909997176518 0.030123911094166723
3 0.9397949162367734 0.4478009610592354 0.07352704721387227 0.1639910712384029
5 0.9428358872269911 0.38219414485482556 0.01900760523343692 0.03165004350298615
3 0.41978552410104636 0.4279164865135413 0.09126057878390341 0.173766114741389
5 0.42838625035293576 0.36061988373999965 0.02057010523343692 0.03168641109416672
5 0.8573534135353504 0.37638186236975624 0.015427578925077512 0.023764808320624997