3 0.2109334234880861 0.5020341569104458 0.2165926104201355 0.3574135659621911
3 0.37290473056018064 0.4729592143866258 0.15797528163641913 0.27272040339440445
3 0.5954175853987449 0.5021416785768599 0.1489299214211716 0.3132817708808471
3 0.764873906738863 0.46599003425764174 0.08435369106587878 0.23480224687674212
3 0.8631294702210983 0.4615110916356258 0.08126292431665547 0.20198065651766234
3 0.9837693401562557 0.4451088659343186 0.032461319687488555 0.14872839149054773
5 0.19664398345566478 0.3630171087058439 0.03870293507002258 0.05958407825883114
5 0.3676649588485589 0.36045921438662576 0.03187073821317572 0.0470477168225127
3 0.6698525051672866 0.47279454616149846 0.1062286910658786 0.23492951190385672
3 0.5192531916850511 0.47757801581268156 0.11749583085063087 0.27560905405833436
5 0.5223888461521119 0.36034051883774365 0.02540241439185813 0.04232385538619425
5 0.9990037151562557 0.3848798930616816 0.0019925696874885544 0.028206813231716588
5 0.7681743810982999 0.3690695824622437 0.023548815963434677 0.03606476502711464
5 0.671027553348041 0.38057522990471976 0.028818512820281583 0.048592036104353475
6 0.5916482684018528 0.37087804303824046 0.028818512820281583 0.048592036104353475
5 0.8569286660444881 0.37871222717424524 0.020351041356328637 0.03448408430895533
5 0.8871790922231704 0.3738474651721927 0.015372442927905183 0.028206813231716588
3 0.12308451302516936 0.444717081480285 0.10732031017246646 0.2583670119038567
5 0.1346148643490769 0.33993413270994904 0.030381012820281585 0.048601126463433175