3 0.840625 0.459375 0.0703125 0.2
3 0.67265625 0.47890625 0.09375 0.24609375
3 0.47109375 0.49296875 0.13125 0.2875
3 0.26953125 0.4625 0.140625 0.24765625
3 0.91328125 0.45078125 0.05859375 0.18125
3 0.75390625 0.45859375 0.06796875 0.19609375
5 0.471875 0.37421875 0.028125 0.04609375
5 0.25859375 0.36015625 0.02578125 0.04140625
5 0.67109375 0.37734375 0.0234375 0.04140625
3 0.534375 0.46171875 0.09375 0.21484375
5 0.50234375 0.38203125 0.025 0.04765625
5 0.52890625 0.37421875 0.02109375 0.04375
3 0.6 0.45390625 0.075 0.19609375
5 0.60234375 0.371875 0.01796875 0.03359375
5 0.840625 0.37421875 0.01875 0.03125
5 0.7515625 0.378125 0.01640625 0.03515625
3 0.803125 0.42890625 0.0328125 0.13359375
5 0.56015625 0.371875 0.01640625 0.02890625
5 0.9140625 0.37421875 0.01328125 0.02890625
5 0.8046875 0.375 0.0140625 0.025