3 0.2983158934770945 0.5758815722489731 0.26229668039203735 0.4041037929530063
3 0.5821130293192767 0.4724082651102018 0.14521332939624543 0.26958037727617334
3 0.15185012124457592 0.5684364482715051 0.23560520561978088 0.3549388672470434
3 0.7384920040915333 0.41946981855455634 0.10067959019601869 0.2011653463973609
3 0.843234067793864 0.41486122341083675 0.09884427168436441 0.19330738229073816
3 0.9383382366683382 0.3957043949601645 0.07922125244707061 0.16776181301126608
5 0.2879835726031875 0.42477371331519986 0.05256449400955017 0.07489235141192588
5 0.11216511706822467 0.45330319325694013 0.05300100362819706 0.08739235141192588
5 0.14934765853803694 0.4389535367513071 0.04765873920022683 0.06850595909205773
5 0.5678273292266095 0.3674623523363626 0.028035719962933213 0.04296038981258556
5 0.7287474710592414 0.3409272814075378 0.02156746515360979 0.03652853338609478
5 0.8333258436545797 0.3410061862638182 0.019786710344286362 0.03023306927947216
5 0.9351884440173993 0.3294572693333439 0.01978671034428601 0.030233069279472245
5 0.960352135124392 0.324042343627381 0.014880955534962936 0.023846676959604095