3 0.32144632133531204 0.5515779446212747 0.2209736487450698 0.3665351613621805
3 0.5893234991469786 0.5859507552514583 0.2732284393982642 0.4639919640356348
3 0.7594022226458329 0.45978660256209575 0.11617443313000013 0.22629087468172654
3 0.8741738906738539 0.42799061521327825 0.08695840539458359 0.17908861067790854
5 0.5724847573151038 0.4033837032543218 0.05200021751493065 0.08651930267345431
5 0.2887273531547913 0.41371486529282003 0.04386040919430565 0.0723658960057271
3 0.45747604673402736 0.47892059993636654 0.11955400626826407 0.23726473734881742
5 0.4548796832269094 0.3891313939370029 0.029143292553055568 0.04407726400381797
5 0.7505740429343053 0.36928887189691384 0.024310322188333445 0.0377727200031817
5 0.31439950038124964 0.4181023732893202 0.03739220364722229 0.06291817067154529
6 0.6356757415475344 0.37296894991250407 0.05457970364722229 0.06311816534054504
5 0.5230120873872218 0.3813092559277761 0.037173998100139015 0.05354317067154524
5 0.8686155281166663 0.3647911812142327 0.01944098423243048 0.029905676002545255
5 0.8437791822769789 0.3580508325509599 0.01944098423243048 0.029905676002545345