3 0.140625 0.54375 0.2515625 0.3875
3 0.503125 0.61484375 0.23359375 0.475
3 0.70390625 0.49453125 0.07890625 0.20625
3 0.95078125 0.48359375 0.05390625 0.15859375
3 0.8359375 0.49140625 0.07265625 0.20234375
3 0.34140625 0.51015625 0.13359375 0.30234375
5 0.14140625 0.38671875 0.04453125 0.06875
5 0.46171875 0.43125 0.0515625 0.10390625
5 0.49765625 0.45234375 0.04375 0.09140625
5 0.54375 0.40546875 0.03046875 0.05234375
5 0.70546875 0.409375 0.0203125 0.03359375
3 0.77890625 0.47890625 0.07421875 0.18515625
5 0.34765625 0.38828125 0.02578125 0.05859375
5 0.56171875 0.41484375 0.0203125 0.05859375
5 0.58359375 0.396875 0.01640625 0.03515625
5 0.63359375 0.39453125 0.0140625 0.03125
5 0.77265625 0.40078125 0.015625 0.02890625
5 0.7875 0.41640625 0.0140625 0.03125
5 0.8359375 0.40859375 0.01640625 0.03359375
5 0.95390625 0.41953125 0.0140625 0.03125
5 0.9015625 0.41875 0.0140625 0.02265625
5 0.91484375 0.41953125 0.01328125 0.03125